    0.0170    0.4604    0.0202    2.0000    0.0762    0.0000    1.0000  340.0000    0.5000    5.8000   -0.3000    1.2000    0.7000
    0.0173    0.4243    0.0225    2.0000    0.0762    0.0000    1.0000  340.0000    0.5000    5.8000   -0.3000    1.2000    0.7000
    0.0175    0.3922    0.0248    2.0000    0.0762    0.0000    1.0000  340.0000    0.5000    5.8000   -0.3000    1.2000    0.7000
    0.0175    0.3640    0.0271    2.0000    0.0762    0.0000    1.0000  340.0000    0.5000    5.8000   -0.3000    1.2000    0.7000
    0.0173    0.3393    0.0293    2.0000    0.0762    0.0000    1.0000  340.0000    0.5000    5.8000   -0.3000    1.2000    0.7000
    0.0171    0.3175    0.0316    2.0000    0.0762    0.0000    1.0000  340.0000    0.5000    5.8000   -0.3000    1.2000    0.7000
    0.0167    0.2978    0.0339    2.0000    0.0762    0.0000    1.0000  340.0000    0.5000    5.8000   -0.3000    1.2000    0.7000
    0.0163    0.2797    0.0362    2.0000    0.0762    0.0000    1.0000  340.0000    0.5000    5.8000   -0.3000    1.2000    0.7000
    0.0159    0.2624    0.0385    2.0000    0.0762    0.0000    1.0000  340.0000    0.5000    5.8000   -0.3000    1.2000    0.7000
    0.0156    0.2456    0.0408    2.0000    0.0762    0.0000    1.0000  340.0000    0.5000    5.8000   -0.3000    1.2000    0.7000
    0.0152    0.2292    0.0431    2.0000    0.0762    0.0000    1.0000  340.0000    0.5000    5.8000   -0.3000    1.2000    0.7000
    0.0149    0.2133    0.0453    2.0000    0.0762    0.0000    1.0000  340.0000    0.5000    5.8000   -0.3000    1.2000    0.7000
    0.0145    0.1980    0.0476    2.0000    0.0762    0.0000    1.0000  340.0000    0.5000    5.8000   -0.3000    1.2000    0.7000
    0.0141    0.1835    0.0499    2.0000    0.0762    0.0000    1.0000  340.0000    0.5000    5.8000   -0.3000    1.2000    0.7000
    0.0137    0.1697    0.0522    2.0000    0.0762    0.0000    1.0000  340.0000    0.5000    5.8000   -0.3000    1.2000    0.7000
    0.0132    0.1569    0.0545    2.0000    0.0762    0.0000    1.0000  340.0000    0.5000    5.8000   -0.3000    1.2000    0.7000
    0.0127    0.1448    0.0568    2.0000    0.0762    0.0000    1.0000  340.0000    0.5000    5.8000   -0.3000    1.2000    0.7000
    0.0122    0.1335    0.0591    2.0000    0.0762    0.0000    1.0000  340.0000    0.5000    5.8000   -0.3000    1.2000    0.7000
    0.0117    0.1229    0.0613    2.0000    0.0762    0.0000    1.0000  340.0000    0.5000    5.8000   -0.3000    1.2000    0.7000
    0.0111    0.1129    0.0636    2.0000    0.0762    0.0000    1.0000  340.0000    0.5000    5.8000   -0.3000    1.2000    0.7000
    0.0106    0.1036    0.0659    2.0000    0.0762    0.0000    1.0000  340.0000    0.5000    5.8000   -0.3000    1.2000    0.7000
    0.0100    0.0951    0.0682    2.0000    0.0762    0.0000    1.0000  340.0000    0.5000    5.8000   -0.3000    1.2000    0.7000
    0.0091    0.0875    0.0705    2.0000    0.0762    0.0000    1.0000  340.0000    0.5000    5.8000   -0.3000    1.2000    0.7000
    0.0078    0.0809    0.0728    2.0000    0.0762    0.0000    1.0000  340.0000    0.5000    5.8000   -0.3000    1.2000    0.7000
    0.0060    0.0756    0.0751    2.0000    0.0762    0.0000    1.0000  340.0000    0.5000    5.8000   -0.3000    1.2000    0.7000
    0.0170    0.4604    0.0202    2.0000    0.0762    0.0000    2.0000  340.0000    0.5000    5.8000   -0.3000    1.2000    0.7000
    0.0173    0.4243    0.0225    2.0000    0.0762    0.0000    2.0000  340.0000    0.5000    5.8000   -0.3000    1.2000    0.7000
    0.0175    0.3922    0.0248    2.0000    0.0762    0.0000    2.0000  340.0000    0.5000    5.8000   -0.3000    1.2000    0.7000
    0.0175    0.3640    0.0271    2.0000    0.0762    0.0000    2.0000  340.0000    0.5000    5.8000   -0.3000    1.2000    0.7000
    0.0173    0.3393    0.0293    2.0000    0.0762    0.0000    2.0000  340.0000    0.5000    5.8000   -0.3000    1.2000    0.7000
    0.0171    0.3175    0.0316    2.0000    0.0762    0.0000    2.0000  340.0000    0.5000    5.8000   -0.3000    1.2000    0.7000
    0.0167    0.2978    0.0339    2.0000    0.0762    0.0000    2.0000  340.0000    0.5000    5.8000   -0.3000    1.2000    0.7000
    0.0163    0.2797    0.0362    2.0000    0.0762    0.0000    2.0000  340.0000    0.5000    5.8000   -0.3000    1.2000    0.7000
    0.0159    0.2624    0.0385    2.0000    0.0762    0.0000    2.0000  340.0000    0.5000    5.8000   -0.3000    1.2000    0.7000
    0.0156    0.2456    0.0408    2.0000    0.0762    0.0000    2.0000  340.0000    0.5000    5.8000   -0.3000    1.2000    0.7000
    0.0152    0.2292    0.0431    2.0000    0.0762    0.0000    2.0000  340.0000    0.5000    5.8000   -0.3000    1.2000    0.7000
    0.0149    0.2133    0.0453    2.0000    0.0762    0.0000    2.0000  340.0000    0.5000    5.8000   -0.3000    1.2000    0.7000
    0.0145    0.1980    0.0476    2.0000    0.0762    0.0000    2.0000  340.0000    0.5000    5.8000   -0.3000    1.2000    0.7000
    0.0141    0.1835    0.0499    2.0000    0.0762    0.0000    2.0000  340.0000    0.5000    5.8000   -0.3000    1.2000    0.7000
    0.0137    0.1697    0.0522    2.0000    0.0762    0.0000    2.0000  340.0000    0.5000    5.8000   -0.3000    1.2000    0.7000
    0.0132    0.1569    0.0545    2.0000    0.0762    0.0000    2.0000  340.0000    0.5000    5.8000   -0.3000    1.2000    0.7000
    0.0127    0.1448    0.0568    2.0000    0.0762    0.0000    2.0000  340.0000    0.5000    5.8000   -0.3000    1.2000    0.7000
    0.0122    0.1335    0.0591    2.0000    0.0762    0.0000    2.0000  340.0000    0.5000    5.8000   -0.3000    1.2000    0.7000
    0.0117    0.1229    0.0613    2.0000    0.0762    0.0000    2.0000  340.0000    0.5000    5.8000   -0.3000    1.2000    0.7000
    0.0111    0.1129    0.0636    2.0000    0.0762    0.0000    2.0000  340.0000    0.5000    5.8000   -0.3000    1.2000    0.7000
    0.0106    0.1036    0.0659    2.0000    0.0762    0.0000    2.0000  340.0000    0.5000    5.8000   -0.3000    1.2000    0.7000
    0.0100    0.0951    0.0682    2.0000    0.0762    0.0000    2.0000  340.0000    0.5000    5.8000   -0.3000    1.2000    0.7000
    0.0091    0.0875    0.0705    2.0000    0.0762    0.0000    2.0000  340.0000    0.5000    5.8000   -0.3000    1.2000    0.7000
    0.0078    0.0809    0.0728    2.0000    0.0762    0.0000    2.0000  340.0000    0.5000    5.8000   -0.3000    1.2000    0.7000
    0.0060    0.0756    0.0751    2.0000    0.0762    0.0000    2.0000  340.0000    0.5000    5.8000   -0.3000    1.2000    0.7000
    0.0170    0.4604    0.0202    2.0000    0.0762    0.0000    4.0000  340.0000    0.5000    5.8000   -0.3000    1.2000    0.7000
    0.0173    0.4243    0.0225    2.0000    0.0762    0.0000    4.0000  340.0000    0.5000    5.8000   -0.3000    1.2000    0.7000
    0.0175    0.3922    0.0248    2.0000    0.0762    0.0000    4.0000  340.0000    0.5000    5.8000   -0.3000    1.2000    0.7000
    0.0175    0.3640    0.0271    2.0000    0.0762    0.0000    4.0000  340.0000    0.5000    5.8000   -0.3000    1.2000    0.7000
    0.0173    0.3393    0.0293    2.0000    0.0762    0.0000    4.0000  340.0000    0.5000    5.8000   -0.3000    1.2000    0.7000
    0.0171    0.3175    0.0316    2.0000    0.0762    0.0000    4.0000  340.0000    0.5000    5.8000   -0.3000    1.2000    0.7000
    0.0167    0.2978    0.0339    2.0000    0.0762    0.0000    4.0000  340.0000    0.5000    5.8000   -0.3000    1.2000    0.7000
    0.0163    0.2797    0.0362    2.0000    0.0762    0.0000    4.0000  340.0000    0.5000    5.8000   -0.3000    1.2000    0.7000
    0.0159    0.2624    0.0385    2.0000    0.0762    0.0000    4.0000  340.0000    0.5000    5.8000   -0.3000    1.2000    0.7000
    0.0156    0.2456    0.0408    2.0000    0.0762    0.0000    4.0000  340.0000    0.5000    5.8000   -0.3000    1.2000    0.7000
    0.0152    0.2292    0.0431    2.0000    0.0762    0.0000    4.0000  340.0000    0.5000    5.8000   -0.3000    1.2000    0.7000
    0.0149    0.2133    0.0453    2.0000    0.0762    0.0000    4.0000  340.0000    0.5000    5.8000   -0.3000    1.2000    0.7000
    0.0145    0.1980    0.0476    2.0000    0.0762    0.0000    4.0000  340.0000    0.5000    5.8000   -0.3000    1.2000    0.7000
    0.0141    0.1835    0.0499    2.0000    0.0762    0.0000    4.0000  340.0000    0.5000    5.8000   -0.3000    1.2000    0.7000
    0.0137    0.1697    0.0522    2.0000    0.0762    0.0000    4.0000  340.0000    0.5000    5.8000   -0.3000    1.2000    0.7000
    0.0132    0.1569    0.0545    2.0000    0.0762    0.0000    4.0000  340.0000    0.5000    5.8000   -0.3000    1.2000    0.7000
    0.0127    0.1448    0.0568    2.0000    0.0762    0.0000    4.0000  340.0000    0.5000    5.8000   -0.3000    1.2000    0.7000
    0.0122    0.1335    0.0591    2.0000    0.0762    0.0000    4.0000  340.0000    0.5000    5.8000   -0.3000    1.2000    0.7000
    0.0117    0.1229    0.0613    2.0000    0.0762    0.0000    4.0000  340.0000    0.5000    5.8000   -0.3000    1.2000    0.7000
    0.0111    0.1129    0.0636    2.0000    0.0762    0.0000    4.0000  340.0000    0.5000    5.8000   -0.3000    1.2000    0.7000
    0.0106    0.1036    0.0659    2.0000    0.0762    0.0000    4.0000  340.0000    0.5000    5.8000   -0.3000    1.2000    0.7000
    0.0100    0.0951    0.0682    2.0000    0.0762    0.0000    4.0000  340.0000    0.5000    5.8000   -0.3000    1.2000    0.7000
    0.0091    0.0875    0.0705    2.0000    0.0762    0.0000    4.0000  340.0000    0.5000    5.8000   -0.3000    1.2000    0.7000
    0.0078    0.0809    0.0728    2.0000    0.0762    0.0000    4.0000  340.0000    0.5000    5.8000   -0.3000    1.2000    0.7000
    0.0060    0.0756    0.0751    2.0000    0.0762    0.0000    4.0000  340.0000    0.5000    5.8000   -0.3000    1.2000    0.7000
    0.0170    0.4604    0.0202    2.0000    0.0762    0.0000    8.0000  340.0000    0.5000    5.8000   -0.3000    1.2000    0.7000
    0.0173    0.4243    0.0225    2.0000    0.0762    0.0000    8.0000  340.0000    0.5000    5.8000   -0.3000    1.2000    0.7000
    0.0175    0.3922    0.0248    2.0000    0.0762    0.0000    8.0000  340.0000    0.5000    5.8000   -0.3000    1.2000    0.7000
    0.0175    0.3640    0.0271    2.0000    0.0762    0.0000    8.0000  340.0000    0.5000    5.8000   -0.3000    1.2000    0.7000
    0.0173    0.3393    0.0293    2.0000    0.0762    0.0000    8.0000  340.0000    0.5000    5.8000   -0.3000    1.2000    0.7000
    0.0171    0.3175    0.0316    2.0000    0.0762    0.0000    8.0000  340.0000    0.5000    5.8000   -0.3000    1.2000    0.7000
    0.0167    0.2978    0.0339    2.0000    0.0762    0.0000    8.0000  340.0000    0.5000    5.8000   -0.3000    1.2000    0.7000
    0.0163    0.2797    0.0362    2.0000    0.0762    0.0000    8.0000  340.0000    0.5000    5.8000   -0.3000    1.2000    0.7000
    0.0159    0.2624    0.0385    2.0000    0.0762    0.0000    8.0000  340.0000    0.5000    5.8000   -0.3000    1.2000    0.7000
    0.0156    0.2456    0.0408    2.0000    0.0762    0.0000    8.0000  340.0000    0.5000    5.8000   -0.3000    1.2000    0.7000
    0.0152    0.2292    0.0431    2.0000    0.0762    0.0000    8.0000  340.0000    0.5000    5.8000   -0.3000    1.2000    0.7000
    0.0149    0.2133    0.0453    2.0000    0.0762    0.0000    8.0000  340.0000    0.5000    5.8000   -0.3000    1.2000    0.7000
    0.0145    0.1980    0.0476    2.0000    0.0762    0.0000    8.0000  340.0000    0.5000    5.8000   -0.3000    1.2000    0.7000
    0.0141    0.1835    0.0499    2.0000    0.0762    0.0000    8.0000  340.0000    0.5000    5.8000   -0.3000    1.2000    0.7000
    0.0137    0.1697    0.0522    2.0000    0.0762    0.0000    8.0000  340.0000    0.5000    5.8000   -0.3000    1.2000    0.7000
    0.0132    0.1569    0.0545    2.0000    0.0762    0.0000    8.0000  340.0000    0.5000    5.8000   -0.3000    1.2000    0.7000
    0.0127    0.1448    0.0568    2.0000    0.0762    0.0000    8.0000  340.0000    0.5000    5.8000   -0.3000    1.2000    0.7000
    0.0122    0.1335    0.0591    2.0000    0.0762    0.0000    8.0000  340.0000    0.5000    5.8000   -0.3000    1.2000    0.7000
    0.0117    0.1229    0.0613    2.0000    0.0762    0.0000    8.0000  340.0000    0.5000    5.8000   -0.3000    1.2000    0.7000
    0.0111    0.1129    0.0636    2.0000    0.0762    0.0000    8.0000  340.0000    0.5000    5.8000   -0.3000    1.2000    0.7000
    0.0106    0.1036    0.0659    2.0000    0.0762    0.0000    8.0000  340.0000    0.5000    5.8000   -0.3000    1.2000    0.7000
    0.0100    0.0951    0.0682    2.0000    0.0762    0.0000    8.0000  340.0000    0.5000    5.8000   -0.3000    1.2000    0.7000
    0.0091    0.0875    0.0705    2.0000    0.0762    0.0000    8.0000  340.0000    0.5000    5.8000   -0.3000    1.2000    0.7000
    0.0078    0.0809    0.0728    2.0000    0.0762    0.0000    8.0000  340.0000    0.5000    5.8000   -0.3000    1.2000    0.7000
    0.0060    0.0756    0.0751    2.0000    0.0762    0.0000    8.0000  340.0000    0.5000    5.8000   -0.3000    1.2000    0.7000
    0.0170    0.4604    0.0202    2.0000    0.0762    0.0000   16.0000  340.0000    0.5000    5.8000   -0.3000    1.2000    0.7000
    0.0173    0.4243    0.0225    2.0000    0.0762    0.0000   16.0000  340.0000    0.5000    5.8000   -0.3000    1.2000    0.7000
    0.0175    0.3922    0.0248    2.0000    0.0762    0.0000   16.0000  340.0000    0.5000    5.8000   -0.3000    1.2000    0.7000
    0.0175    0.3640    0.0271    2.0000    0.0762    0.0000   16.0000  340.0000    0.5000    5.8000   -0.3000    1.2000    0.7000
    0.0173    0.3393    0.0293    2.0000    0.0762    0.0000   16.0000  340.0000    0.5000    5.8000   -0.3000    1.2000    0.7000
    0.0171    0.3175    0.0316    2.0000    0.0762    0.0000   16.0000  340.0000    0.5000    5.8000   -0.3000    1.2000    0.7000
    0.0167    0.2978    0.0339    2.0000    0.0762    0.0000   16.0000  340.0000    0.5000    5.8000   -0.3000    1.2000    0.7000
    0.0163    0.2797    0.0362    2.0000    0.0762    0.0000   16.0000  340.0000    0.5000    5.8000   -0.3000    1.2000    0.7000
    0.0159    0.2624    0.0385    2.0000    0.0762    0.0000   16.0000  340.0000    0.5000    5.8000   -0.3000    1.2000    0.7000
    0.0156    0.2456    0.0408    2.0000    0.0762    0.0000   16.0000  340.0000    0.5000    5.8000   -0.3000    1.2000    0.7000
    0.0152    0.2292    0.0431    2.0000    0.0762    0.0000   16.0000  340.0000    0.5000    5.8000   -0.3000    1.2000    0.7000
    0.0149    0.2133    0.0453    2.0000    0.0762    0.0000   16.0000  340.0000    0.5000    5.8000   -0.3000    1.2000    0.7000
    0.0145    0.1980    0.0476    2.0000    0.0762    0.0000   16.0000  340.0000    0.5000    5.8000   -0.3000    1.2000    0.7000
    0.0141    0.1835    0.0499    2.0000    0.0762    0.0000   16.0000  340.0000    0.5000    5.8000   -0.3000    1.2000    0.7000
    0.0137    0.1697    0.0522    2.0000    0.0762    0.0000   16.0000  340.0000    0.5000    5.8000   -0.3000    1.2000    0.7000
    0.0132    0.1569    0.0545    2.0000    0.0762    0.0000   16.0000  340.0000    0.5000    5.8000   -0.3000    1.2000    0.7000
    0.0127    0.1448    0.0568    2.0000    0.0762    0.0000   16.0000  340.0000    0.5000    5.8000   -0.3000    1.2000    0.7000
    0.0122    0.1335    0.0591    2.0000    0.0762    0.0000   16.0000  340.0000    0.5000    5.8000   -0.3000    1.2000    0.7000
    0.0117    0.1229    0.0613    2.0000    0.0762    0.0000   16.0000  340.0000    0.5000    5.8000   -0.3000    1.2000    0.7000
    0.0111    0.1129    0.0636    2.0000    0.0762    0.0000   16.0000  340.0000    0.5000    5.8000   -0.3000    1.2000    0.7000
    0.0106    0.1036    0.0659    2.0000    0.0762    0.0000   16.0000  340.0000    0.5000    5.8000   -0.3000    1.2000    0.7000
    0.0100    0.0951    0.0682    2.0000    0.0762    0.0000   16.0000  340.0000    0.5000    5.8000   -0.3000    1.2000    0.7000
    0.0091    0.0875    0.0705    2.0000    0.0762    0.0000   16.0000  340.0000    0.5000    5.8000   -0.3000    1.2000    0.7000
    0.0078    0.0809    0.0728    2.0000    0.0762    0.0000   16.0000  340.0000    0.5000    5.8000   -0.3000    1.2000    0.7000
    0.0060    0.0756    0.0751    2.0000    0.0762    0.0000   16.0000  340.0000    0.5000    5.8000   -0.3000    1.2000    0.7000
    0.0170    0.4604    0.0202    2.0000    0.0762    0.0000   32.0000  340.0000    0.5000    5.8000   -0.3000    1.2000    0.7000
    0.0173    0.4243    0.0225    2.0000    0.0762    0.0000   32.0000  340.0000    0.5000    5.8000   -0.3000    1.2000    0.7000
    0.0175    0.3922    0.0248    2.0000    0.0762    0.0000   32.0000  340.0000    0.5000    5.8000   -0.3000    1.2000    0.7000
    0.0175    0.3640    0.0271    2.0000    0.0762    0.0000   32.0000  340.0000    0.5000    5.8000   -0.3000    1.2000    0.7000
    0.0173    0.3393    0.0293    2.0000    0.0762    0.0000   32.0000  340.0000    0.5000    5.8000   -0.3000    1.2000    0.7000
    0.0171    0.3175    0.0316    2.0000    0.0762    0.0000   32.0000  340.0000    0.5000    5.8000   -0.3000    1.2000    0.7000
    0.0167    0.2978    0.0339    2.0000    0.0762    0.0000   32.0000  340.0000    0.5000    5.8000   -0.3000    1.2000    0.7000
    0.0163    0.2797    0.0362    2.0000    0.0762    0.0000   32.0000  340.0000    0.5000    5.8000   -0.3000    1.2000    0.7000
    0.0159    0.2624    0.0385    2.0000    0.0762    0.0000   32.0000  340.0000    0.5000    5.8000   -0.3000    1.2000    0.7000
    0.0156    0.2456    0.0408    2.0000    0.0762    0.0000   32.0000  340.0000    0.5000    5.8000   -0.3000    1.2000    0.7000
    0.0152    0.2292    0.0431    2.0000    0.0762    0.0000   32.0000  340.0000    0.5000    5.8000   -0.3000    1.2000    0.7000
    0.0149    0.2133    0.0453    2.0000    0.0762    0.0000   32.0000  340.0000    0.5000    5.8000   -0.3000    1.2000    0.7000
    0.0145    0.1980    0.0476    2.0000    0.0762    0.0000   32.0000  340.0000    0.5000    5.8000   -0.3000    1.2000    0.7000
    0.0141    0.1835    0.0499    2.0000    0.0762    0.0000   32.0000  340.0000    0.5000    5.8000   -0.3000    1.2000    0.7000
    0.0137    0.1697    0.0522    2.0000    0.0762    0.0000   32.0000  340.0000    0.5000    5.8000   -0.3000    1.2000    0.7000
    0.0132    0.1569    0.0545    2.0000    0.0762    0.0000   32.0000  340.0000    0.5000    5.8000   -0.3000    1.2000    0.7000
    0.0127    0.1448    0.0568    2.0000    0.0762    0.0000   32.0000  340.0000    0.5000    5.8000   -0.3000    1.2000    0.7000
    0.0122    0.1335    0.0591    2.0000    0.0762    0.0000   32.0000  340.0000    0.5000    5.8000   -0.3000    1.2000    0.7000
    0.0117    0.1229    0.0613    2.0000    0.0762    0.0000   32.0000  340.0000    0.5000    5.8000   -0.3000    1.2000    0.7000
    0.0111    0.1129    0.0636    2.0000    0.0762    0.0000   32.0000  340.0000    0.5000    5.8000   -0.3000    1.2000    0.7000
    0.0106    0.1036    0.0659    2.0000    0.0762    0.0000   32.0000  340.0000    0.5000    5.8000   -0.3000    1.2000    0.7000
    0.0100    0.0951    0.0682    2.0000    0.0762    0.0000   32.0000  340.0000    0.5000    5.8000   -0.3000    1.2000    0.7000
    0.0091    0.0875    0.0705    2.0000    0.0762    0.0000   32.0000  340.0000    0.5000    5.8000   -0.3000    1.2000    0.7000
    0.0078    0.0809    0.0728    2.0000    0.0762    0.0000   32.0000  340.0000    0.5000    5.8000   -0.3000    1.2000    0.7000
    0.0060    0.0756    0.0751    2.0000    0.0762    0.0000   32.0000  340.0000    0.5000    5.8000   -0.3000    1.2000    0.7000
    0.0170    0.4604    0.0202    2.0000    0.0762    0.0000   64.0000  340.0000    0.5000    5.8000   -0.3000    1.2000    0.7000
    0.0173    0.4243    0.0225    2.0000    0.0762    0.0000   64.0000  340.0000    0.5000    5.8000   -0.3000    1.2000    0.7000
    0.0175    0.3922    0.0248    2.0000    0.0762    0.0000   64.0000  340.0000    0.5000    5.8000   -0.3000    1.2000    0.7000
    0.0175    0.3640    0.0271    2.0000    0.0762    0.0000   64.0000  340.0000    0.5000    5.8000   -0.3000    1.2000    0.7000
    0.0173    0.3393    0.0293    2.0000    0.0762    0.0000   64.0000  340.0000    0.5000    5.8000   -0.3000    1.2000    0.7000
    0.0171    0.3175    0.0316    2.0000    0.0762    0.0000   64.0000  340.0000    0.5000    5.8000   -0.3000    1.2000    0.7000
    0.0167    0.2978    0.0339    2.0000    0.0762    0.0000   64.0000  340.0000    0.5000    5.8000   -0.3000    1.2000    0.7000
    0.0163    0.2797    0.0362    2.0000    0.0762    0.0000   64.0000  340.0000    0.5000    5.8000   -0.3000    1.2000    0.7000
    0.0159    0.2624    0.0385    2.0000    0.0762    0.0000   64.0000  340.0000    0.5000    5.8000   -0.3000    1.2000    0.7000
    0.0156    0.2456    0.0408    2.0000    0.0762    0.0000   64.0000  340.0000    0.5000    5.8000   -0.3000    1.2000    0.7000
    0.0152    0.2292    0.0431    2.0000    0.0762    0.0000   64.0000  340.0000    0.5000    5.8000   -0.3000    1.2000    0.7000
    0.0149    0.2133    0.0453    2.0000    0.0762    0.0000   64.0000  340.0000    0.5000    5.8000   -0.3000    1.2000    0.7000
    0.0145    0.1980    0.0476    2.0000    0.0762    0.0000   64.0000  340.0000    0.5000    5.8000   -0.3000    1.2000    0.7000
    0.0141    0.1835    0.0499    2.0000    0.0762    0.0000   64.0000  340.0000    0.5000    5.8000   -0.3000    1.2000    0.7000
    0.0137    0.1697    0.0522    2.0000    0.0762    0.0000   64.0000  340.0000    0.5000    5.8000   -0.3000    1.2000    0.7000
    0.0132    0.1569    0.0545    2.0000    0.0762    0.0000   64.0000  340.0000    0.5000    5.8000   -0.3000    1.2000    0.7000
    0.0127    0.1448    0.0568    2.0000    0.0762    0.0000   64.0000  340.0000    0.5000    5.8000   -0.3000    1.2000    0.7000
    0.0122    0.1335    0.0591    2.0000    0.0762    0.0000   64.0000  340.0000    0.5000    5.8000   -0.3000    1.2000    0.7000
    0.0117    0.1229    0.0613    2.0000    0.0762    0.0000   64.0000  340.0000    0.5000    5.8000   -0.3000    1.2000    0.7000
    0.0111    0.1129    0.0636    2.0000    0.0762    0.0000   64.0000  340.0000    0.5000    5.8000   -0.3000    1.2000    0.7000
    0.0106    0.1036    0.0659    2.0000    0.0762    0.0000   64.0000  340.0000    0.5000    5.8000   -0.3000    1.2000    0.7000
    0.0100    0.0951    0.0682    2.0000    0.0762    0.0000   64.0000  340.0000    0.5000    5.8000   -0.3000    1.2000    0.7000
    0.0091    0.0875    0.0705    2.0000    0.0762    0.0000   64.0000  340.0000    0.5000    5.8000   -0.3000    1.2000    0.7000
    0.0078    0.0809    0.0728    2.0000    0.0762    0.0000   64.0000  340.0000    0.5000    5.8000   -0.3000    1.2000    0.7000
    0.0060    0.0756    0.0751    2.0000    0.0762    0.0000   64.0000  340.0000    0.5000    5.8000   -0.3000    1.2000    0.7000
    0.0170    0.4604    0.0202    2.0000    0.0762    0.0000  128.0000  340.0000    0.5000    5.8000   -0.3000    1.2000    0.7000
    0.0173    0.4243    0.0225    2.0000    0.0762    0.0000  128.0000  340.0000    0.5000    5.8000   -0.3000    1.2000    0.7000
    0.0175    0.3922    0.0248    2.0000    0.0762    0.0000  128.0000  340.0000    0.5000    5.8000   -0.3000    1.2000    0.7000
    0.0175    0.3640    0.0271    2.0000    0.0762    0.0000  128.0000  340.0000    0.5000    5.8000   -0.3000    1.2000    0.7000
    0.0173    0.3393    0.0293    2.0000    0.0762    0.0000  128.0000  340.0000    0.5000    5.8000   -0.3000    1.2000    0.7000
    0.0171    0.3175    0.0316    2.0000    0.0762    0.0000  128.0000  340.0000    0.5000    5.8000   -0.3000    1.2000    0.7000
    0.0167    0.2978    0.0339    2.0000    0.0762    0.0000  128.0000  340.0000    0.5000    5.8000   -0.3000    1.2000    0.7000
    0.0163    0.2797    0.0362    2.0000    0.0762    0.0000  128.0000  340.0000    0.5000    5.8000   -0.3000    1.2000    0.7000
    0.0159    0.2624    0.0385    2.0000    0.0762    0.0000  128.0000  340.0000    0.5000    5.8000   -0.3000    1.2000    0.7000
    0.0156    0.2456    0.0408    2.0000    0.0762    0.0000  128.0000  340.0000    0.5000    5.8000   -0.3000    1.2000    0.7000
    0.0152    0.2292    0.0431    2.0000    0.0762    0.0000  128.0000  340.0000    0.5000    5.8000   -0.3000    1.2000    0.7000
    0.0149    0.2133    0.0453    2.0000    0.0762    0.0000  128.0000  340.0000    0.5000    5.8000   -0.3000    1.2000    0.7000
    0.0145    0.1980    0.0476    2.0000    0.0762    0.0000  128.0000  340.0000    0.5000    5.8000   -0.3000    1.2000    0.7000
    0.0141    0.1835    0.0499    2.0000    0.0762    0.0000  128.0000  340.0000    0.5000    5.8000   -0.3000    1.2000    0.7000
    0.0137    0.1697    0.0522    2.0000    0.0762    0.0000  128.0000  340.0000    0.5000    5.8000   -0.3000    1.2000    0.7000
    0.0132    0.1569    0.0545    2.0000    0.0762    0.0000  128.0000  340.0000    0.5000    5.8000   -0.3000    1.2000    0.7000
    0.0127    0.1448    0.0568    2.0000    0.0762    0.0000  128.0000  340.0000    0.5000    5.8000   -0.3000    1.2000    0.7000
    0.0122    0.1335    0.0591    2.0000    0.0762    0.0000  128.0000  340.0000    0.5000    5.8000   -0.3000    1.2000    0.7000
    0.0117    0.1229    0.0613    2.0000    0.0762    0.0000  128.0000  340.0000    0.5000    5.8000   -0.3000    1.2000    0.7000
    0.0111    0.1129    0.0636    2.0000    0.0762    0.0000  128.0000  340.0000    0.5000    5.8000   -0.3000    1.2000    0.7000
    0.0106    0.1036    0.0659    2.0000    0.0762    0.0000  128.0000  340.0000    0.5000    5.8000   -0.3000    1.2000    0.7000
    0.0100    0.0951    0.0682    2.0000    0.0762    0.0000  128.0000  340.0000    0.5000    5.8000   -0.3000    1.2000    0.7000
    0.0091    0.0875    0.0705    2.0000    0.0762    0.0000  128.0000  340.0000    0.5000    5.8000   -0.3000    1.2000    0.7000
    0.0078    0.0809    0.0728    2.0000    0.0762    0.0000  128.0000  340.0000    0.5000    5.8000   -0.3000    1.2000    0.7000
    0.0060    0.0756    0.0751    2.0000    0.0762    0.0000  128.0000  340.0000    0.5000    5.8000   -0.3000    1.2000    0.7000
    0.0170    0.4604    0.0202    2.0000    0.0762    0.0000  256.0000  340.0000    0.5000    5.8000   -0.3000    1.2000    0.7000
    0.0173    0.4243    0.0225    2.0000    0.0762    0.0000  256.0000  340.0000    0.5000    5.8000   -0.3000    1.2000    0.7000
    0.0175    0.3922    0.0248    2.0000    0.0762    0.0000  256.0000  340.0000    0.5000    5.8000   -0.3000    1.2000    0.7000
    0.0175    0.3640    0.0271    2.0000    0.0762    0.0000  256.0000  340.0000    0.5000    5.8000   -0.3000    1.2000    0.7000
    0.0173    0.3393    0.0293    2.0000    0.0762    0.0000  256.0000  340.0000    0.5000    5.8000   -0.3000    1.2000    0.7000
    0.0171    0.3175    0.0316    2.0000    0.0762    0.0000  256.0000  340.0000    0.5000    5.8000   -0.3000    1.2000    0.7000
    0.0167    0.2978    0.0339    2.0000    0.0762    0.0000  256.0000  340.0000    0.5000    5.8000   -0.3000    1.2000    0.7000
    0.0163    0.2797    0.0362    2.0000    0.0762    0.0000  256.0000  340.0000    0.5000    5.8000   -0.3000    1.2000    0.7000
    0.0159    0.2624    0.0385    2.0000    0.0762    0.0000  256.0000  340.0000    0.5000    5.8000   -0.3000    1.2000    0.7000
    0.0156    0.2456    0.0408    2.0000    0.0762    0.0000  256.0000  340.0000    0.5000    5.8000   -0.3000    1.2000    0.7000
    0.0152    0.2292    0.0431    2.0000    0.0762    0.0000  256.0000  340.0000    0.5000    5.8000   -0.3000    1.2000    0.7000
    0.0149    0.2133    0.0453    2.0000    0.0762    0.0000  256.0000  340.0000    0.5000    5.8000   -0.3000    1.2000    0.7000
    0.0145    0.1980    0.0476    2.0000    0.0762    0.0000  256.0000  340.0000    0.5000    5.8000   -0.3000    1.2000    0.7000
    0.0141    0.1835    0.0499    2.0000    0.0762    0.0000  256.0000  340.0000    0.5000    5.8000   -0.3000    1.2000    0.7000
    0.0137    0.1697    0.0522    2.0000    0.0762    0.0000  256.0000  340.0000    0.5000    5.8000   -0.3000    1.2000    0.7000
    0.0132    0.1569    0.0545    2.0000    0.0762    0.0000  256.0000  340.0000    0.5000    5.8000   -0.3000    1.2000    0.7000
    0.0127    0.1448    0.0568    2.0000    0.0762    0.0000  256.0000  340.0000    0.5000    5.8000   -0.3000    1.2000    0.7000
    0.0122    0.1335    0.0591    2.0000    0.0762    0.0000  256.0000  340.0000    0.5000    5.8000   -0.3000    1.2000    0.7000
    0.0117    0.1229    0.0613    2.0000    0.0762    0.0000  256.0000  340.0000    0.5000    5.8000   -0.3000    1.2000    0.7000
    0.0111    0.1129    0.0636    2.0000    0.0762    0.0000  256.0000  340.0000    0.5000    5.8000   -0.3000    1.2000    0.7000
    0.0106    0.1036    0.0659    2.0000    0.0762    0.0000  256.0000  340.0000    0.5000    5.8000   -0.3000    1.2000    0.7000
    0.0100    0.0951    0.0682    2.0000    0.0762    0.0000  256.0000  340.0000    0.5000    5.8000   -0.3000    1.2000    0.7000
    0.0091    0.0875    0.0705    2.0000    0.0762    0.0000  256.0000  340.0000    0.5000    5.8000   -0.3000    1.2000    0.7000
    0.0078    0.0809    0.0728    2.0000    0.0762    0.0000  256.0000  340.0000    0.5000    5.8000   -0.3000    1.2000    0.7000
    0.0060    0.0756    0.0751    2.0000    0.0762    0.0000  256.0000  340.0000    0.5000    5.8000   -0.3000    1.2000    0.7000
    0.0170    0.4604    0.0202    2.0000    0.0762    0.0000  512.0000  340.0000    0.5000    5.8000   -0.3000    1.2000    0.7000
    0.0173    0.4243    0.0225    2.0000    0.0762    0.0000  512.0000  340.0000    0.5000    5.8000   -0.3000    1.2000    0.7000
    0.0175    0.3922    0.0248    2.0000    0.0762    0.0000  512.0000  340.0000    0.5000    5.8000   -0.3000    1.2000    0.7000
    0.0175    0.3640    0.0271    2.0000    0.0762    0.0000  512.0000  340.0000    0.5000    5.8000   -0.3000    1.2000    0.7000
    0.0173    0.3393    0.0293    2.0000    0.0762    0.0000  512.0000  340.0000    0.5000    5.8000   -0.3000    1.2000    0.7000
    0.0171    0.3175    0.0316    2.0000    0.0762    0.0000  512.0000  340.0000    0.5000    5.8000   -0.3000    1.2000    0.7000
    0.0167    0.2978    0.0339    2.0000    0.0762    0.0000  512.0000  340.0000    0.5000    5.8000   -0.3000    1.2000    0.7000
    0.0163    0.2797    0.0362    2.0000    0.0762    0.0000  512.0000  340.0000    0.5000    5.8000   -0.3000    1.2000    0.7000
    0.0159    0.2624    0.0385    2.0000    0.0762    0.0000  512.0000  340.0000    0.5000    5.8000   -0.3000    1.2000    0.7000
    0.0156    0.2456    0.0408    2.0000    0.0762    0.0000  512.0000  340.0000    0.5000    5.8000   -0.3000    1.2000    0.7000
    0.0152    0.2292    0.0431    2.0000    0.0762    0.0000  512.0000  340.0000    0.5000    5.8000   -0.3000    1.2000    0.7000
    0.0149    0.2133    0.0453    2.0000    0.0762    0.0000  512.0000  340.0000    0.5000    5.8000   -0.3000    1.2000    0.7000
    0.0145    0.1980    0.0476    2.0000    0.0762    0.0000  512.0000  340.0000    0.5000    5.8000   -0.3000    1.2000    0.7000
    0.0141    0.1835    0.0499    2.0000    0.0762    0.0000  512.0000  340.0000    0.5000    5.8000   -0.3000    1.2000    0.7000
    0.0137    0.1697    0.0522    2.0000    0.0762    0.0000  512.0000  340.0000    0.5000    5.8000   -0.3000    1.2000    0.7000
    0.0132    0.1569    0.0545    2.0000    0.0762    0.0000  512.0000  340.0000    0.5000    5.8000   -0.3000    1.2000    0.7000
    0.0127    0.1448    0.0568    2.0000    0.0762    0.0000  512.0000  340.0000    0.5000    5.8000   -0.3000    1.2000    0.7000
    0.0122    0.1335    0.0591    2.0000    0.0762    0.0000  512.0000  340.0000    0.5000    5.8000   -0.3000    1.2000    0.7000
    0.0117    0.1229    0.0613    2.0000    0.0762    0.0000  512.0000  340.0000    0.5000    5.8000   -0.3000    1.2000    0.7000
    0.0111    0.1129    0.0636    2.0000    0.0762    0.0000  512.0000  340.0000    0.5000    5.8000   -0.3000    1.2000    0.7000
    0.0106    0.1036    0.0659    2.0000    0.0762    0.0000  512.0000  340.0000    0.5000    5.8000   -0.3000    1.2000    0.7000
    0.0100    0.0951    0.0682    2.0000    0.0762    0.0000  512.0000  340.0000    0.5000    5.8000   -0.3000    1.2000    0.7000
    0.0091    0.0875    0.0705    2.0000    0.0762    0.0000  512.0000  340.0000    0.5000    5.8000   -0.3000    1.2000    0.7000
    0.0078    0.0809    0.0728    2.0000    0.0762    0.0000  512.0000  340.0000    0.5000    5.8000   -0.3000    1.2000    0.7000
    0.0060    0.0756    0.0751    2.0000    0.0762    0.0000  512.0000  340.0000    0.5000    5.8000   -0.3000    1.2000    0.7000
    0.0170    0.4604    0.0202    2.0000    0.0762    0.0000 1024.0000  340.0000    0.5000    5.8000   -0.3000    1.2000    0.7000
    0.0173    0.4243    0.0225    2.0000    0.0762    0.0000 1024.0000  340.0000    0.5000    5.8000   -0.3000    1.2000    0.7000
    0.0175    0.3922    0.0248    2.0000    0.0762    0.0000 1024.0000  340.0000    0.5000    5.8000   -0.3000    1.2000    0.7000
    0.0175    0.3640    0.0271    2.0000    0.0762    0.0000 1024.0000  340.0000    0.5000    5.8000   -0.3000    1.2000    0.7000
    0.0173    0.3393    0.0293    2.0000    0.0762    0.0000 1024.0000  340.0000    0.5000    5.8000   -0.3000    1.2000    0.7000
    0.0171    0.3175    0.0316    2.0000    0.0762    0.0000 1024.0000  340.0000    0.5000    5.8000   -0.3000    1.2000    0.7000
    0.0167    0.2978    0.0339    2.0000    0.0762    0.0000 1024.0000  340.0000    0.5000    5.8000   -0.3000    1.2000    0.7000
    0.0163    0.2797    0.0362    2.0000    0.0762    0.0000 1024.0000  340.0000    0.5000    5.8000   -0.3000    1.2000    0.7000
    0.0159    0.2624    0.0385    2.0000    0.0762    0.0000 1024.0000  340.0000    0.5000    5.8000   -0.3000    1.2000    0.7000
    0.0156    0.2456    0.0408    2.0000    0.0762    0.0000 1024.0000  340.0000    0.5000    5.8000   -0.3000    1.2000    0.7000
    0.0152    0.2292    0.0431    2.0000    0.0762    0.0000 1024.0000  340.0000    0.5000    5.8000   -0.3000    1.2000    0.7000
    0.0149    0.2133    0.0453    2.0000    0.0762    0.0000 1024.0000  340.0000    0.5000    5.8000   -0.3000    1.2000    0.7000
    0.0145    0.1980    0.0476    2.0000    0.0762    0.0000 1024.0000  340.0000    0.5000    5.8000   -0.3000    1.2000    0.7000
    0.0141    0.1835    0.0499    2.0000    0.0762    0.0000 1024.0000  340.0000    0.5000    5.8000   -0.3000    1.2000    0.7000
    0.0137    0.1697    0.0522    2.0000    0.0762    0.0000 1024.0000  340.0000    0.5000    5.8000   -0.3000    1.2000    0.7000
    0.0132    0.1569    0.0545    2.0000    0.0762    0.0000 1024.0000  340.0000    0.5000    5.8000   -0.3000    1.2000    0.7000
    0.0127    0.1448    0.0568    2.0000    0.0762    0.0000 1024.0000  340.0000    0.5000    5.8000   -0.3000    1.2000    0.7000
    0.0122    0.1335    0.0591    2.0000    0.0762    0.0000 1024.0000  340.0000    0.5000    5.8000   -0.3000    1.2000    0.7000
    0.0117    0.1229    0.0613    2.0000    0.0762    0.0000 1024.0000  340.0000    0.5000    5.8000   -0.3000    1.2000    0.7000
    0.0111    0.1129    0.0636    2.0000    0.0762    0.0000 1024.0000  340.0000    0.5000    5.8000   -0.3000    1.2000    0.7000
    0.0106    0.1036    0.0659    2.0000    0.0762    0.0000 1024.0000  340.0000    0.5000    5.8000   -0.3000    1.2000    0.7000
    0.0100    0.0951    0.0682    2.0000    0.0762    0.0000 1024.0000  340.0000    0.5000    5.8000   -0.3000    1.2000    0.7000
    0.0091    0.0875    0.0705    2.0000    0.0762    0.0000 1024.0000  340.0000    0.5000    5.8000   -0.3000    1.2000    0.7000
    0.0078    0.0809    0.0728    2.0000    0.0762    0.0000 1024.0000  340.0000    0.5000    5.8000   -0.3000    1.2000    0.7000
    0.0060    0.0756    0.0751    2.0000    0.0762    0.0000 1024.0000  340.0000    0.5000    5.8000   -0.3000    1.2000    0.7000
    0.0170    0.4604    0.0202    2.0000    0.0762    0.0000 1503.7634  340.0000    0.5000    5.8000   -0.3000    1.2000    0.7000
    0.0173    0.4243    0.0225    2.0000    0.0762    0.0000 1503.7634  340.0000    0.5000    5.8000   -0.3000    1.2000    0.7000
    0.0175    0.3922    0.0248    2.0000    0.0762    0.0000 1503.7634  340.0000    0.5000    5.8000   -0.3000    1.2000    0.7000
    0.0175    0.3640    0.0271    2.0000    0.0762    0.0000 1503.7634  340.0000    0.5000    5.8000   -0.3000    1.2000    0.7000
    0.0173    0.3393    0.0293    2.0000    0.0762    0.0000 1503.7634  340.0000    0.5000    5.8000   -0.3000    1.2000    0.7000
    0.0171    0.3175    0.0316    2.0000    0.0762    0.0000 1503.7634  340.0000    0.5000    5.8000   -0.3000    1.2000    0.7000
    0.0167    0.2978    0.0339    2.0000    0.0762    0.0000 1503.7634  340.0000    0.5000    5.8000   -0.3000    1.2000    0.7000
    0.0163    0.2797    0.0362    2.0000    0.0762    0.0000 1503.7634  340.0000    0.5000    5.8000   -0.3000    1.2000    0.7000
    0.0159    0.2624    0.0385    2.0000    0.0762    0.0000 1503.7634  340.0000    0.5000    5.8000   -0.3000    1.2000    0.7000
    0.0156    0.2456    0.0408    2.0000    0.0762    0.0000 1503.7634  340.0000    0.5000    5.8000   -0.3000    1.2000    0.7000
    0.0152    0.2292    0.0431    2.0000    0.0762    0.0000 1503.7634  340.0000    0.5000    5.8000   -0.3000    1.2000    0.7000
    0.0149    0.2133    0.0453    2.0000    0.0762    0.0000 1503.7634  340.0000    0.5000    5.8000   -0.3000    1.2000    0.7000
    0.0145    0.1980    0.0476    2.0000    0.0762    0.0000 1503.7634  340.0000    0.5000    5.8000   -0.3000    1.2000    0.7000
    0.0141    0.1835    0.0499    2.0000    0.0762    0.0000 1503.7634  340.0000    0.5000    5.8000   -0.3000    1.2000    0.7000
    0.0137    0.1697    0.0522    2.0000    0.0762    0.0000 1503.7634  340.0000    0.5000    5.8000   -0.3000    1.2000    0.7000
    0.0132    0.1569    0.0545    2.0000    0.0762    0.0000 1503.7634  340.0000    0.5000    5.8000   -0.3000    1.2000    0.7000
    0.0127    0.1448    0.0568    2.0000    0.0762    0.0000 1503.7634  340.0000    0.5000    5.8000   -0.3000    1.2000    0.7000
    0.0122    0.1335    0.0591    2.0000    0.0762    0.0000 1503.7634  340.0000    0.5000    5.8000   -0.3000    1.2000    0.7000
    0.0117    0.1229    0.0613    2.0000    0.0762    0.0000 1503.7634  340.0000    0.5000    5.8000   -0.3000    1.2000    0.7000
    0.0111    0.1129    0.0636    2.0000    0.0762    0.0000 1503.7634  340.0000    0.5000    5.8000   -0.3000    1.2000    0.7000
    0.0106    0.1036    0.0659    2.0000    0.0762    0.0000 1503.7634  340.0000    0.5000    5.8000   -0.3000    1.2000    0.7000
    0.0100    0.0951    0.0682    2.0000    0.0762    0.0000 1503.7634  340.0000    0.5000    5.8000   -0.3000    1.2000    0.7000
    0.0091    0.0875    0.0705    2.0000    0.0762    0.0000 1503.7634  340.0000    0.5000    5.8000   -0.3000    1.2000    0.7000
    0.0078    0.0809    0.0728    2.0000    0.0762    0.0000 1503.7634  340.0000    0.5000    5.8000   -0.3000    1.2000    0.7000
    0.0060    0.0756    0.0751    2.0000    0.0762    0.0000 1503.7634  340.0000    0.5000    5.8000   -0.3000    1.2000    0.7000
    0.0170    0.4604    0.0202    2.0000    0.0762    0.0000 1468.5409  340.0000    0.5000    5.8000   -0.3000    1.2000    0.7000
    0.0173    0.4243    0.0225    2.0000    0.0762    0.0000 1468.5409  340.0000    0.5000    5.8000   -0.3000    1.2000    0.7000
    0.0175    0.3922    0.0248    2.0000    0.0762    0.0000 1468.5409  340.0000    0.5000    5.8000   -0.3000    1.2000    0.7000
    0.0175    0.3640    0.0271    2.0000    0.0762    0.0000 1468.5409  340.0000    0.5000    5.8000   -0.3000    1.2000    0.7000
    0.0173    0.3393    0.0293    2.0000    0.0762    0.0000 1468.5409  340.0000    0.5000    5.8000   -0.3000    1.2000    0.7000
    0.0171    0.3175    0.0316    2.0000    0.0762    0.0000 1468.5409  340.0000    0.5000    5.8000   -0.3000    1.2000    0.7000
    0.0167    0.2978    0.0339    2.0000    0.0762    0.0000 1468.5409  340.0000    0.5000    5.8000   -0.3000    1.2000    0.7000
    0.0163    0.2797    0.0362    2.0000    0.0762    0.0000 1468.5409  340.0000    0.5000    5.8000   -0.3000    1.2000    0.7000
    0.0159    0.2624    0.0385    2.0000    0.0762    0.0000 1468.5409  340.0000    0.5000    5.8000   -0.3000    1.2000    0.7000
    0.0156    0.2456    0.0408    2.0000    0.0762    0.0000 1468.5409  340.0000    0.5000    5.8000   -0.3000    1.2000    0.7000
    0.0152    0.2292    0.0431    2.0000    0.0762    0.0000 1468.5409  340.0000    0.5000    5.8000   -0.3000    1.2000    0.7000
    0.0149    0.2133    0.0453    2.0000    0.0762    0.0000 1468.5409  340.0000    0.5000    5.8000   -0.3000    1.2000    0.7000
    0.0145    0.1980    0.0476    2.0000    0.0762    0.0000 1468.5409  340.0000    0.5000    5.8000   -0.3000    1.2000    0.7000
    0.0141    0.1835    0.0499    2.0000    0.0762    0.0000 1468.5409  340.0000    0.5000    5.8000   -0.3000    1.2000    0.7000
    0.0137    0.1697    0.0522    2.0000    0.0762    0.0000 1468.5409  340.0000    0.5000    5.8000   -0.3000    1.2000    0.7000
    0.0132    0.1569    0.0545    2.0000    0.0762    0.0000 1468.5409  340.0000    0.5000    5.8000   -0.3000    1.2000    0.7000
    0.0127    0.1448    0.0568    2.0000    0.0762    0.0000 1468.5409  340.0000    0.5000    5.8000   -0.3000    1.2000    0.7000
    0.0122    0.1335    0.0591    2.0000    0.0762    0.0000 1468.5409  340.0000    0.5000    5.8000   -0.3000    1.2000    0.7000
    0.0117    0.1229    0.0613    2.0000    0.0762    0.0000 1468.5409  340.0000    0.5000    5.8000   -0.3000    1.2000    0.7000
    0.0111    0.1129    0.0636    2.0000    0.0762    0.0000 1468.5409  340.0000    0.5000    5.8000   -0.3000    1.2000    0.7000
    0.0106    0.1036    0.0659    2.0000    0.0762    0.0000 1468.5409  340.0000    0.5000    5.8000   -0.3000    1.2000    0.7000
    0.0100    0.0951    0.0682    2.0000    0.0762    0.0000 1468.5409  340.0000    0.5000    5.8000   -0.3000    1.2000    0.7000
    0.0091    0.0875    0.0705    2.0000    0.0762    0.0000 1468.5409  340.0000    0.5000    5.8000   -0.3000    1.2000    0.7000
    0.0078    0.0809    0.0728    2.0000    0.0762    0.0000 1468.5409  340.0000    0.5000    5.8000   -0.3000    1.2000    0.7000
    0.0060    0.0756    0.0751    2.0000    0.0762    0.0000 1468.5409  340.0000    0.5000    5.8000   -0.3000    1.2000    0.7000
    0.0170    0.4604    0.0202    2.0000    0.0762    0.0000 1468.3396  340.0000    0.5000    5.8000   -0.3000    1.2000    0.7000
    0.0173    0.4243    0.0225    2.0000    0.0762    0.0000 1468.3396  340.0000    0.5000    5.8000   -0.3000    1.2000    0.7000
    0.0175    0.3922    0.0248    2.0000    0.0762    0.0000 1468.3396  340.0000    0.5000    5.8000   -0.3000    1.2000    0.7000
    0.0175    0.3640    0.0271    2.0000    0.0762    0.0000 1468.3396  340.0000    0.5000    5.8000   -0.3000    1.2000    0.7000
    0.0173    0.3393    0.0293    2.0000    0.0762    0.0000 1468.3396  340.0000    0.5000    5.8000   -0.3000    1.2000    0.7000
    0.0171    0.3175    0.0316    2.0000    0.0762    0.0000 1468.3396  340.0000    0.5000    5.8000   -0.3000    1.2000    0.7000
    0.0167    0.2978    0.0339    2.0000    0.0762    0.0000 1468.3396  340.0000    0.5000    5.8000   -0.3000    1.2000    0.7000
    0.0163    0.2797    0.0362    2.0000    0.0762    0.0000 1468.3396  340.0000    0.5000    5.8000   -0.3000    1.2000    0.7000
    0.0159    0.2624    0.0385    2.0000    0.0762    0.0000 1468.3396  340.0000    0.5000    5.8000   -0.3000    1.2000    0.7000
    0.0156    0.2456    0.0408    2.0000    0.0762    0.0000 1468.3396  340.0000    0.5000    5.8000   -0.3000    1.2000    0.7000
    0.0152    0.2292    0.0431    2.0000    0.0762    0.0000 1468.3396  340.0000    0.5000    5.8000   -0.3000    1.2000    0.7000
    0.0149    0.2133    0.0453    2.0000    0.0762    0.0000 1468.3396  340.0000    0.5000    5.8000   -0.3000    1.2000    0.7000
    0.0145    0.1980    0.0476    2.0000    0.0762    0.0000 1468.3396  340.0000    0.5000    5.8000   -0.3000    1.2000    0.7000
    0.0141    0.1835    0.0499    2.0000    0.0762    0.0000 1468.3396  340.0000    0.5000    5.8000   -0.3000    1.2000    0.7000
    0.0137    0.1697    0.0522    2.0000    0.0762    0.0000 1468.3396  340.0000    0.5000    5.8000   -0.3000    1.2000    0.7000
    0.0132    0.1569    0.0545    2.0000    0.0762    0.0000 1468.3396  340.0000    0.5000    5.8000   -0.3000    1.2000    0.7000
    0.0127    0.1448    0.0568    2.0000    0.0762    0.0000 1468.3396  340.0000    0.5000    5.8000   -0.3000    1.2000    0.7000
    0.0122    0.1335    0.0591    2.0000    0.0762    0.0000 1468.3396  340.0000    0.5000    5.8000   -0.3000    1.2000    0.7000
    0.0117    0.1229    0.0613    2.0000    0.0762    0.0000 1468.3396  340.0000    0.5000    5.8000   -0.3000    1.2000    0.7000
    0.0111    0.1129    0.0636    2.0000    0.0762    0.0000 1468.3396  340.0000    0.5000    5.8000   -0.3000    1.2000    0.7000
    0.0106    0.1036    0.0659    2.0000    0.0762    0.0000 1468.3396  340.0000    0.5000    5.8000   -0.3000    1.2000    0.7000
    0.0100    0.0951    0.0682    2.0000    0.0762    0.0000 1468.3396  340.0000    0.5000    5.8000   -0.3000    1.2000    0.7000
    0.0091    0.0875    0.0705    2.0000    0.0762    0.0000 1468.3396  340.0000    0.5000    5.8000   -0.3000    1.2000    0.7000
    0.0078    0.0809    0.0728    2.0000    0.0762    0.0000 1468.3396  340.0000    0.5000    5.8000   -0.3000    1.2000    0.7000
    0.0060    0.0756    0.0751    2.0000    0.0762    0.0000 1468.3396  340.0000    0.5000    5.8000   -0.3000    1.2000    0.7000
    0.0170    0.4604    0.0202    2.0000    0.0762    0.0000 1468.3397  340.0000    0.5000    5.8000   -0.3000    1.2000    0.7000
    0.0173    0.4243    0.0225    2.0000    0.0762    0.0000 1468.3397  340.0000    0.5000    5.8000   -0.3000    1.2000    0.7000
    0.0175    0.3922    0.0248    2.0000    0.0762    0.0000 1468.3397  340.0000    0.5000    5.8000   -0.3000    1.2000    0.7000
    0.0175    0.3640    0.0271    2.0000    0.0762    0.0000 1468.3397  340.0000    0.5000    5.8000   -0.3000    1.2000    0.7000
    0.0173    0.3393    0.0293    2.0000    0.0762    0.0000 1468.3397  340.0000    0.5000    5.8000   -0.3000    1.2000    0.7000
    0.0171    0.3175    0.0316    2.0000    0.0762    0.0000 1468.3397  340.0000    0.5000    5.8000   -0.3000    1.2000    0.7000
    0.0167    0.2978    0.0339    2.0000    0.0762    0.0000 1468.3397  340.0000    0.5000    5.8000   -0.3000    1.2000    0.7000
    0.0163    0.2797    0.0362    2.0000    0.0762    0.0000 1468.3397  340.0000    0.5000    5.8000   -0.3000    1.2000    0.7000
    0.0159    0.2624    0.0385    2.0000    0.0762    0.0000 1468.3397  340.0000    0.5000    5.8000   -0.3000    1.2000    0.7000
    0.0156    0.2456    0.0408    2.0000    0.0762    0.0000 1468.3397  340.0000    0.5000    5.8000   -0.3000    1.2000    0.7000
    0.0152    0.2292    0.0431    2.0000    0.0762    0.0000 1468.3397  340.0000    0.5000    5.8000   -0.3000    1.2000    0.7000
    0.0149    0.2133    0.0453    2.0000    0.0762    0.0000 1468.3397  340.0000    0.5000    5.8000   -0.3000    1.2000    0.7000
    0.0145    0.1980    0.0476    2.0000    0.0762    0.0000 1468.3397  340.0000    0.5000    5.8000   -0.3000    1.2000    0.7000
    0.0141    0.1835    0.0499    2.0000    0.0762    0.0000 1468.3397  340.0000    0.5000    5.8000   -0.3000    1.2000    0.7000
    0.0137    0.1697    0.0522    2.0000    0.0762    0.0000 1468.3397  340.0000    0.5000    5.8000   -0.3000    1.2000    0.7000
    0.0132    0.1569    0.0545    2.0000    0.0762    0.0000 1468.3397  340.0000    0.5000    5.8000   -0.3000    1.2000    0.7000
    0.0127    0.1448    0.0568    2.0000    0.0762    0.0000 1468.3397  340.0000    0.5000    5.8000   -0.3000    1.2000    0.7000
    0.0122    0.1335    0.0591    2.0000    0.0762    0.0000 1468.3397  340.0000    0.5000    5.8000   -0.3000    1.2000    0.7000
    0.0117    0.1229    0.0613    2.0000    0.0762    0.0000 1468.3397  340.0000    0.5000    5.8000   -0.3000    1.2000    0.7000
    0.0111    0.1129    0.0636    2.0000    0.0762    0.0000 1468.3397  340.0000    0.5000    5.8000   -0.3000    1.2000    0.7000
    0.0106    0.1036    0.0659    2.0000    0.0762    0.0000 1468.3397  340.0000    0.5000    5.8000   -0.3000    1.2000    0.7000
    0.0100    0.0951    0.0682    2.0000    0.0762    0.0000 1468.3397  340.0000    0.5000    5.8000   -0.3000    1.2000    0.7000
    0.0091    0.0875    0.0705    2.0000    0.0762    0.0000 1468.3397  340.0000    0.5000    5.8000   -0.3000    1.2000    0.7000
    0.0078    0.0809    0.0728    2.0000    0.0762    0.0000 1468.3397  340.0000    0.5000    5.8000   -0.3000    1.2000    0.7000
    0.0060    0.0756    0.0751    2.0000    0.0762    0.0000 1468.3397  340.0000    0.5000    5.8000   -0.3000    1.2000    0.7000
    0.0170    0.4604    0.0202    2.0000    0.0762    0.0000 1468.3397  340.0000    0.5000    5.8000   -0.3000    1.2000    0.7000
    0.0173    0.4243    0.0225    2.0000    0.0762    0.0000 1468.3397  340.0000    0.5000    5.8000   -0.3000    1.2000    0.7000
    0.0175    0.3922    0.0248    2.0000    0.0762    0.0000 1468.3397  340.0000    0.5000    5.8000   -0.3000    1.2000    0.7000
    0.0175    0.3640    0.0271    2.0000    0.0762    0.0000 1468.3397  340.0000    0.5000    5.8000   -0.3000    1.2000    0.7000
    0.0173    0.3393    0.0293    2.0000    0.0762    0.0000 1468.3397  340.0000    0.5000    5.8000   -0.3000    1.2000    0.7000
    0.0171    0.3175    0.0316    2.0000    0.0762    0.0000 1468.3397  340.0000    0.5000    5.8000   -0.3000    1.2000    0.7000
    0.0167    0.2978    0.0339    2.0000    0.0762    0.0000 1468.3397  340.0000    0.5000    5.8000   -0.3000    1.2000    0.7000
    0.0163    0.2797    0.0362    2.0000    0.0762    0.0000 1468.3397  340.0000    0.5000    5.8000   -0.3000    1.2000    0.7000
    0.0159    0.2624    0.0385    2.0000    0.0762    0.0000 1468.3397  340.0000    0.5000    5.8000   -0.3000    1.2000    0.7000
    0.0156    0.2456    0.0408    2.0000    0.0762    0.0000 1468.3397  340.0000    0.5000    5.8000   -0.3000    1.2000    0.7000
    0.0152    0.2292    0.0431    2.0000    0.0762    0.0000 1468.3397  340.0000    0.5000    5.8000   -0.3000    1.2000    0.7000
    0.0149    0.2133    0.0453    2.0000    0.0762    0.0000 1468.3397  340.0000    0.5000    5.8000   -0.3000    1.2000    0.7000
    0.0145    0.1980    0.0476    2.0000    0.0762    0.0000 1468.3397  340.0000    0.5000    5.8000   -0.3000    1.2000    0.7000
    0.0141    0.1835    0.0499    2.0000    0.0762    0.0000 1468.3397  340.0000    0.5000    5.8000   -0.3000    1.2000    0.7000
    0.0137    0.1697    0.0522    2.0000    0.0762    0.0000 1468.3397  340.0000    0.5000    5.8000   -0.3000    1.2000    0.7000
    0.0132    0.1569    0.0545    2.0000    0.0762    0.0000 1468.3397  340.0000    0.5000    5.8000   -0.3000    1.2000    0.7000
    0.0127    0.1448    0.0568    2.0000    0.0762    0.0000 1468.3397  340.0000    0.5000    5.8000   -0.3000    1.2000    0.7000
    0.0122    0.1335    0.0591    2.0000    0.0762    0.0000 1468.3397  340.0000    0.5000    5.8000   -0.3000    1.2000    0.7000
    0.0117    0.1229    0.0613    2.0000    0.0762    0.0000 1468.3397  340.0000    0.5000    5.8000   -0.3000    1.2000    0.7000
    0.0111    0.1129    0.0636    2.0000    0.0762    0.0000 1468.3397  340.0000    0.5000    5.8000   -0.3000    1.2000    0.7000
    0.0106    0.1036    0.0659    2.0000    0.0762    0.0000 1468.3397  340.0000    0.5000    5.8000   -0.3000    1.2000    0.7000
    0.0100    0.0951    0.0682    2.0000    0.0762    0.0000 1468.3397  340.0000    0.5000    5.8000   -0.3000    1.2000    0.7000
    0.0091    0.0875    0.0705    2.0000    0.0762    0.0000 1468.3397  340.0000    0.5000    5.8000   -0.3000    1.2000    0.7000
    0.0078    0.0809    0.0728    2.0000    0.0762    0.0000 1468.3397  340.0000    0.5000    5.8000   -0.3000    1.2000    0.7000
    0.0060    0.0756    0.0751    2.0000    0.0762    0.0000 1468.3397  340.0000    0.5000    5.8000   -0.3000    1.2000    0.7000
    0.0170    0.4604    0.0202    2.0000    0.0762    0.0000 1468.3397  340.0000    0.5000    5.8000   -0.3000    1.2000    0.7000
    0.0173    0.4243    0.0225    2.0000    0.0762    0.0000 1468.3397  340.0000    0.5000    5.8000   -0.3000    1.2000    0.7000
    0.0175    0.3922    0.0248    2.0000    0.0762    0.0000 1468.3397  340.0000    0.5000    5.8000   -0.3000    1.2000    0.7000
    0.0175    0.3640    0.0271    2.0000    0.0762    0.0000 1468.3397  340.0000    0.5000    5.8000   -0.3000    1.2000    0.7000
    0.0173    0.3393    0.0293    2.0000    0.0762    0.0000 1468.3397  340.0000    0.5000    5.8000   -0.3000    1.2000    0.7000
    0.0171    0.3175    0.0316    2.0000    0.0762    0.0000 1468.3397  340.0000    0.5000    5.8000   -0.3000    1.2000    0.7000
    0.0167    0.2978    0.0339    2.0000    0.0762    0.0000 1468.3397  340.0000    0.5000    5.8000   -0.3000    1.2000    0.7000
    0.0163    0.2797    0.0362    2.0000    0.0762    0.0000 1468.3397  340.0000    0.5000    5.8000   -0.3000    1.2000    0.7000
    0.0159    0.2624    0.0385    2.0000    0.0762    0.0000 1468.3397  340.0000    0.5000    5.8000   -0.3000    1.2000    0.7000
    0.0156    0.2456    0.0408    2.0000    0.0762    0.0000 1468.3397  340.0000    0.5000    5.8000   -0.3000    1.2000    0.7000
    0.0152    0.2292    0.0431    2.0000    0.0762    0.0000 1468.3397  340.0000    0.5000    5.8000   -0.3000    1.2000    0.7000
    0.0149    0.2133    0.0453    2.0000    0.0762    0.0000 1468.3397  340.0000    0.5000    5.8000   -0.3000    1.2000    0.7000
    0.0145    0.1980    0.0476    2.0000    0.0762    0.0000 1468.3397  340.0000    0.5000    5.8000   -0.3000    1.2000    0.7000
    0.0141    0.1835    0.0499    2.0000    0.0762    0.0000 1468.3397  340.0000    0.5000    5.8000   -0.3000    1.2000    0.7000
    0.0137    0.1697    0.0522    2.0000    0.0762    0.0000 1468.3397  340.0000    0.5000    5.8000   -0.3000    1.2000    0.7000
    0.0132    0.1569    0.0545    2.0000    0.0762    0.0000 1468.3397  340.0000    0.5000    5.8000   -0.3000    1.2000    0.7000
    0.0127    0.1448    0.0568    2.0000    0.0762    0.0000 1468.3397  340.0000    0.5000    5.8000   -0.3000    1.2000    0.7000
    0.0122    0.1335    0.0591    2.0000    0.0762    0.0000 1468.3397  340.0000    0.5000    5.8000   -0.3000    1.2000    0.7000
    0.0117    0.1229    0.0613    2.0000    0.0762    0.0000 1468.3397  340.0000    0.5000    5.8000   -0.3000    1.2000    0.7000
    0.0111    0.1129    0.0636    2.0000    0.0762    0.0000 1468.3397  340.0000    0.5000    5.8000   -0.3000    1.2000    0.7000
    0.0106    0.1036    0.0659    2.0000    0.0762    0.0000 1468.3397  340.0000    0.5000    5.8000   -0.3000    1.2000    0.7000
    0.0100    0.0951    0.0682    2.0000    0.0762    0.0000 1468.3397  340.0000    0.5000    5.8000   -0.3000    1.2000    0.7000
    0.0091    0.0875    0.0705    2.0000    0.0762    0.0000 1468.3397  340.0000    0.5000    5.8000   -0.3000    1.2000    0.7000
    0.0078    0.0809    0.0728    2.0000    0.0762    0.0000 1468.3397  340.0000    0.5000    5.8000   -0.3000    1.2000    0.7000
    0.0060    0.0756    0.0751    2.0000    0.0762    0.0000 1468.3397  340.0000    0.5000    5.8000   -0.3000    1.2000    0.7000
    0.0170    0.4604    0.0202    2.0000    0.0762    0.0000 1468.3397  340.0000    0.5000    5.8000   -0.3000    1.2000    0.7000
    0.0173    0.4243    0.0225    2.0000    0.0762    0.0000 1468.3397  340.0000    0.5000    5.8000   -0.3000    1.2000    0.7000
    0.0175    0.3922    0.0248    2.0000    0.0762    0.0000 1468.3397  340.0000    0.5000    5.8000   -0.3000    1.2000    0.7000
    0.0175    0.3640    0.0271    2.0000    0.0762    0.0000 1468.3397  340.0000    0.5000    5.8000   -0.3000    1.2000    0.7000
    0.0173    0.3393    0.0293    2.0000    0.0762    0.0000 1468.3397  340.0000    0.5000    5.8000   -0.3000    1.2000    0.7000
    0.0171    0.3175    0.0316    2.0000    0.0762    0.0000 1468.3397  340.0000    0.5000    5.8000   -0.3000    1.2000    0.7000
    0.0167    0.2978    0.0339    2.0000    0.0762    0.0000 1468.3397  340.0000    0.5000    5.8000   -0.3000    1.2000    0.7000
    0.0163    0.2797    0.0362    2.0000    0.0762    0.0000 1468.3397  340.0000    0.5000    5.8000   -0.3000    1.2000    0.7000
    0.0159    0.2624    0.0385    2.0000    0.0762    0.0000 1468.3397  340.0000    0.5000    5.8000   -0.3000    1.2000    0.7000
    0.0156    0.2456    0.0408    2.0000    0.0762    0.0000 1468.3397  340.0000    0.5000    5.8000   -0.3000    1.2000    0.7000
    0.0152    0.2292    0.0431    2.0000    0.0762    0.0000 1468.3397  340.0000    0.5000    5.8000   -0.3000    1.2000    0.7000
    0.0149    0.2133    0.0453    2.0000    0.0762    0.0000 1468.3397  340.0000    0.5000    5.8000   -0.3000    1.2000    0.7000
    0.0145    0.1980    0.0476    2.0000    0.0762    0.0000 1468.3397  340.0000    0.5000    5.8000   -0.3000    1.2000    0.7000
    0.0141    0.1835    0.0499    2.0000    0.0762    0.0000 1468.3397  340.0000    0.5000    5.8000   -0.3000    1.2000    0.7000
    0.0137    0.1697    0.0522    2.0000    0.0762    0.0000 1468.3397  340.0000    0.5000    5.8000   -0.3000    1.2000    0.7000
    0.0132    0.1569    0.0545    2.0000    0.0762    0.0000 1468.3397  340.0000    0.5000    5.8000   -0.3000    1.2000    0.7000
    0.0127    0.1448    0.0568    2.0000    0.0762    0.0000 1468.3397  340.0000    0.5000    5.8000   -0.3000    1.2000    0.7000
    0.0122    0.1335    0.0591    2.0000    0.0762    0.0000 1468.3397  340.0000    0.5000    5.8000   -0.3000    1.2000    0.7000
    0.0117    0.1229    0.0613    2.0000    0.0762    0.0000 1468.3397  340.0000    0.5000    5.8000   -0.3000    1.2000    0.7000
    0.0111    0.1129    0.0636    2.0000    0.0762    0.0000 1468.3397  340.0000    0.5000    5.8000   -0.3000    1.2000    0.7000
    0.0106    0.1036    0.0659    2.0000    0.0762    0.0000 1468.3397  340.0000    0.5000    5.8000   -0.3000    1.2000    0.7000
    0.0100    0.0951    0.0682    2.0000    0.0762    0.0000 1468.3397  340.0000    0.5000    5.8000   -0.3000    1.2000    0.7000
    0.0091    0.0875    0.0705    2.0000    0.0762    0.0000 1468.3397  340.0000    0.5000    5.8000   -0.3000    1.2000    0.7000
    0.0078    0.0809    0.0728    2.0000    0.0762    0.0000 1468.3397  340.0000    0.5000    5.8000   -0.3000    1.2000    0.7000
    0.0060    0.0756    0.0751    2.0000    0.0762    0.0000 1468.3397  340.0000    0.5000    5.8000   -0.3000    1.2000    0.7000
    0.0170    0.4604    0.0202    2.0000    0.0762    0.0000 1468.3397  340.0000    0.5000    5.8000   -0.3000    1.2000    0.7000
    0.0173    0.4243    0.0225    2.0000    0.0762    0.0000 1468.3397  340.0000    0.5000    5.8000   -0.3000    1.2000    0.7000
    0.0175    0.3922    0.0248    2.0000    0.0762    0.0000 1468.3397  340.0000    0.5000    5.8000   -0.3000    1.2000    0.7000
    0.0175    0.3640    0.0271    2.0000    0.0762    0.0000 1468.3397  340.0000    0.5000    5.8000   -0.3000    1.2000    0.7000
    0.0173    0.3393    0.0293    2.0000    0.0762    0.0000 1468.3397  340.0000    0.5000    5.8000   -0.3000    1.2000    0.7000
    0.0171    0.3175    0.0316    2.0000    0.0762    0.0000 1468.3397  340.0000    0.5000    5.8000   -0.3000    1.2000    0.7000
    0.0167    0.2978    0.0339    2.0000    0.0762    0.0000 1468.3397  340.0000    0.5000    5.8000   -0.3000    1.2000    0.7000
    0.0163    0.2797    0.0362    2.0000    0.0762    0.0000 1468.3397  340.0000    0.5000    5.8000   -0.3000    1.2000    0.7000
    0.0159    0.2624    0.0385    2.0000    0.0762    0.0000 1468.3397  340.0000    0.5000    5.8000   -0.3000    1.2000    0.7000
    0.0156    0.2456    0.0408    2.0000    0.0762    0.0000 1468.3397  340.0000    0.5000    5.8000   -0.3000    1.2000    0.7000
    0.0152    0.2292    0.0431    2.0000    0.0762    0.0000 1468.3397  340.0000    0.5000    5.8000   -0.3000    1.2000    0.7000
    0.0149    0.2133    0.0453    2.0000    0.0762    0.0000 1468.3397  340.0000    0.5000    5.8000   -0.3000    1.2000    0.7000
    0.0145    0.1980    0.0476    2.0000    0.0762    0.0000 1468.3397  340.0000    0.5000    5.8000   -0.3000    1.2000    0.7000
    0.0141    0.1835    0.0499    2.0000    0.0762    0.0000 1468.3397  340.0000    0.5000    5.8000   -0.3000    1.2000    0.7000
    0.0137    0.1697    0.0522    2.0000    0.0762    0.0000 1468.3397  340.0000    0.5000    5.8000   -0.3000    1.2000    0.7000
    0.0132    0.1569    0.0545    2.0000    0.0762    0.0000 1468.3397  340.0000    0.5000    5.8000   -0.3000    1.2000    0.7000
    0.0127    0.1448    0.0568    2.0000    0.0762    0.0000 1468.3397  340.0000    0.5000    5.8000   -0.3000    1.2000    0.7000
    0.0122    0.1335    0.0591    2.0000    0.0762    0.0000 1468.3397  340.0000    0.5000    5.8000   -0.3000    1.2000    0.7000
    0.0117    0.1229    0.0613    2.0000    0.0762    0.0000 1468.3397  340.0000    0.5000    5.8000   -0.3000    1.2000    0.7000
    0.0111    0.1129    0.0636    2.0000    0.0762    0.0000 1468.3397  340.0000    0.5000    5.8000   -0.3000    1.2000    0.7000
    0.0106    0.1036    0.0659    2.0000    0.0762    0.0000 1468.3397  340.0000    0.5000    5.8000   -0.3000    1.2000    0.7000
    0.0100    0.0951    0.0682    2.0000    0.0762    0.0000 1468.3397  340.0000    0.5000    5.8000   -0.3000    1.2000    0.7000
    0.0091    0.0875    0.0705    2.0000    0.0762    0.0000 1468.3397  340.0000    0.5000    5.8000   -0.3000    1.2000    0.7000
    0.0078    0.0809    0.0728    2.0000    0.0762    0.0000 1468.3397  340.0000    0.5000    5.8000   -0.3000    1.2000    0.7000
    0.0060    0.0756    0.0751    2.0000    0.0762    0.0000 1468.3397  340.0000    0.5000    5.8000   -0.3000    1.2000    0.7000
    0.0170    0.4604    0.0202    2.0000    0.0762    0.0000 1468.3397  340.0000    0.5000    5.8000   -0.3000    1.2000    0.7000
    0.0173    0.4243    0.0225    2.0000    0.0762    0.0000 1468.3397  340.0000    0.5000    5.8000   -0.3000    1.2000    0.7000
    0.0175    0.3922    0.0248    2.0000    0.0762    0.0000 1468.3397  340.0000    0.5000    5.8000   -0.3000    1.2000    0.7000
    0.0175    0.3640    0.0271    2.0000    0.0762    0.0000 1468.3397  340.0000    0.5000    5.8000   -0.3000    1.2000    0.7000
    0.0173    0.3393    0.0293    2.0000    0.0762    0.0000 1468.3397  340.0000    0.5000    5.8000   -0.3000    1.2000    0.7000
    0.0171    0.3175    0.0316    2.0000    0.0762    0.0000 1468.3397  340.0000    0.5000    5.8000   -0.3000    1.2000    0.7000
    0.0167    0.2978    0.0339    2.0000    0.0762    0.0000 1468.3397  340.0000    0.5000    5.8000   -0.3000    1.2000    0.7000
    0.0163    0.2797    0.0362    2.0000    0.0762    0.0000 1468.3397  340.0000    0.5000    5.8000   -0.3000    1.2000    0.7000
    0.0159    0.2624    0.0385    2.0000    0.0762    0.0000 1468.3397  340.0000    0.5000    5.8000   -0.3000    1.2000    0.7000
    0.0156    0.2456    0.0408    2.0000    0.0762    0.0000 1468.3397  340.0000    0.5000    5.8000   -0.3000    1.2000    0.7000
    0.0152    0.2292    0.0431    2.0000    0.0762    0.0000 1468.3397  340.0000    0.5000    5.8000   -0.3000    1.2000    0.7000
    0.0149    0.2133    0.0453    2.0000    0.0762    0.0000 1468.3397  340.0000    0.5000    5.8000   -0.3000    1.2000    0.7000
    0.0145    0.1980    0.0476    2.0000    0.0762    0.0000 1468.3397  340.0000    0.5000    5.8000   -0.3000    1.2000    0.7000
    0.0141    0.1835    0.0499    2.0000    0.0762    0.0000 1468.3397  340.0000    0.5000    5.8000   -0.3000    1.2000    0.7000
    0.0137    0.1697    0.0522    2.0000    0.0762    0.0000 1468.3397  340.0000    0.5000    5.8000   -0.3000    1.2000    0.7000
    0.0132    0.1569    0.0545    2.0000    0.0762    0.0000 1468.3397  340.0000    0.5000    5.8000   -0.3000    1.2000    0.7000
    0.0127    0.1448    0.0568    2.0000    0.0762    0.0000 1468.3397  340.0000    0.5000    5.8000   -0.3000    1.2000    0.7000
    0.0122    0.1335    0.0591    2.0000    0.0762    0.0000 1468.3397  340.0000    0.5000    5.8000   -0.3000    1.2000    0.7000
    0.0117    0.1229    0.0613    2.0000    0.0762    0.0000 1468.3397  340.0000    0.5000    5.8000   -0.3000    1.2000    0.7000
    0.0111    0.1129    0.0636    2.0000    0.0762    0.0000 1468.3397  340.0000    0.5000    5.8000   -0.3000    1.2000    0.7000
    0.0106    0.1036    0.0659    2.0000    0.0762    0.0000 1468.3397  340.0000    0.5000    5.8000   -0.3000    1.2000    0.7000
    0.0100    0.0951    0.0682    2.0000    0.0762    0.0000 1468.3397  340.0000    0.5000    5.8000   -0.3000    1.2000    0.7000
    0.0091    0.0875    0.0705    2.0000    0.0762    0.0000 1468.3397  340.0000    0.5000    5.8000   -0.3000    1.2000    0.7000
    0.0078    0.0809    0.0728    2.0000    0.0762    0.0000 1468.3397  340.0000    0.5000    5.8000   -0.3000    1.2000    0.7000
    0.0060    0.0756    0.0751    2.0000    0.0762    0.0000 1468.3397  340.0000    0.5000    5.8000   -0.3000    1.2000    0.7000
    0.0170    0.4604    0.0202    2.0000    0.0762    0.0000 1468.3397  340.0000    0.5000    5.8000   -0.3000    1.2000    0.7000
    0.0173    0.4243    0.0225    2.0000    0.0762    0.0000 1468.3397  340.0000    0.5000    5.8000   -0.3000    1.2000    0.7000
    0.0175    0.3922    0.0248    2.0000    0.0762    0.0000 1468.3397  340.0000    0.5000    5.8000   -0.3000    1.2000    0.7000
    0.0175    0.3640    0.0271    2.0000    0.0762    0.0000 1468.3397  340.0000    0.5000    5.8000   -0.3000    1.2000    0.7000
    0.0173    0.3393    0.0293    2.0000    0.0762    0.0000 1468.3397  340.0000    0.5000    5.8000   -0.3000    1.2000    0.7000
    0.0171    0.3175    0.0316    2.0000    0.0762    0.0000 1468.3397  340.0000    0.5000    5.8000   -0.3000    1.2000    0.7000
    0.0167    0.2978    0.0339    2.0000    0.0762    0.0000 1468.3397  340.0000    0.5000    5.8000   -0.3000    1.2000    0.7000
    0.0163    0.2797    0.0362    2.0000    0.0762    0.0000 1468.3397  340.0000    0.5000    5.8000   -0.3000    1.2000    0.7000
    0.0159    0.2624    0.0385    2.0000    0.0762    0.0000 1468.3397  340.0000    0.5000    5.8000   -0.3000    1.2000    0.7000
    0.0156    0.2456    0.0408    2.0000    0.0762    0.0000 1468.3397  340.0000    0.5000    5.8000   -0.3000    1.2000    0.7000
    0.0152    0.2292    0.0431    2.0000    0.0762    0.0000 1468.3397  340.0000    0.5000    5.8000   -0.3000    1.2000    0.7000
    0.0149    0.2133    0.0453    2.0000    0.0762    0.0000 1468.3397  340.0000    0.5000    5.8000   -0.3000    1.2000    0.7000
    0.0145    0.1980    0.0476    2.0000    0.0762    0.0000 1468.3397  340.0000    0.5000    5.8000   -0.3000    1.2000    0.7000
    0.0141    0.1835    0.0499    2.0000    0.0762    0.0000 1468.3397  340.0000    0.5000    5.8000   -0.3000    1.2000    0.7000
    0.0137    0.1697    0.0522    2.0000    0.0762    0.0000 1468.3397  340.0000    0.5000    5.8000   -0.3000    1.2000    0.7000
    0.0132    0.1569    0.0545    2.0000    0.0762    0.0000 1468.3397  340.0000    0.5000    5.8000   -0.3000    1.2000    0.7000
    0.0127    0.1448    0.0568    2.0000    0.0762    0.0000 1468.3397  340.0000    0.5000    5.8000   -0.3000    1.2000    0.7000
    0.0122    0.1335    0.0591    2.0000    0.0762    0.0000 1468.3397  340.0000    0.5000    5.8000   -0.3000    1.2000    0.7000
    0.0117    0.1229    0.0613    2.0000    0.0762    0.0000 1468.3397  340.0000    0.5000    5.8000   -0.3000    1.2000    0.7000
    0.0111    0.1129    0.0636    2.0000    0.0762    0.0000 1468.3397  340.0000    0.5000    5.8000   -0.3000    1.2000    0.7000
    0.0106    0.1036    0.0659    2.0000    0.0762    0.0000 1468.3397  340.0000    0.5000    5.8000   -0.3000    1.2000    0.7000
    0.0100    0.0951    0.0682    2.0000    0.0762    0.0000 1468.3397  340.0000    0.5000    5.8000   -0.3000    1.2000    0.7000
    0.0091    0.0875    0.0705    2.0000    0.0762    0.0000 1468.3397  340.0000    0.5000    5.8000   -0.3000    1.2000    0.7000
    0.0078    0.0809    0.0728    2.0000    0.0762    0.0000 1468.3397  340.0000    0.5000    5.8000   -0.3000    1.2000    0.7000
    0.0060    0.0756    0.0751    2.0000    0.0762    0.0000 1468.3397  340.0000    0.5000    5.8000   -0.3000    1.2000    0.7000
    0.0170    0.4604    0.0202    2.0000    0.0762    0.0000 1468.3397  340.0000    0.5000    5.8000   -0.3000    1.2000    0.7000
    0.0173    0.4243    0.0225    2.0000    0.0762    0.0000 1468.3397  340.0000    0.5000    5.8000   -0.3000    1.2000    0.7000
    0.0175    0.3922    0.0248    2.0000    0.0762    0.0000 1468.3397  340.0000    0.5000    5.8000   -0.3000    1.2000    0.7000
    0.0175    0.3640    0.0271    2.0000    0.0762    0.0000 1468.3397  340.0000    0.5000    5.8000   -0.3000    1.2000    0.7000
    0.0173    0.3393    0.0293    2.0000    0.0762    0.0000 1468.3397  340.0000    0.5000    5.8000   -0.3000    1.2000    0.7000
    0.0171    0.3175    0.0316    2.0000    0.0762    0.0000 1468.3397  340.0000    0.5000    5.8000   -0.3000    1.2000    0.7000
    0.0167    0.2978    0.0339    2.0000    0.0762    0.0000 1468.3397  340.0000    0.5000    5.8000   -0.3000    1.2000    0.7000
    0.0163    0.2797    0.0362    2.0000    0.0762    0.0000 1468.3397  340.0000    0.5000    5.8000   -0.3000    1.2000    0.7000
    0.0159    0.2624    0.0385    2.0000    0.0762    0.0000 1468.3397  340.0000    0.5000    5.8000   -0.3000    1.2000    0.7000
    0.0156    0.2456    0.0408    2.0000    0.0762    0.0000 1468.3397  340.0000    0.5000    5.8000   -0.3000    1.2000    0.7000
    0.0152    0.2292    0.0431    2.0000    0.0762    0.0000 1468.3397  340.0000    0.5000    5.8000   -0.3000    1.2000    0.7000
    0.0149    0.2133    0.0453    2.0000    0.0762    0.0000 1468.3397  340.0000    0.5000    5.8000   -0.3000    1.2000    0.7000
    0.0145    0.1980    0.0476    2.0000    0.0762    0.0000 1468.3397  340.0000    0.5000    5.8000   -0.3000    1.2000    0.7000
    0.0141    0.1835    0.0499    2.0000    0.0762    0.0000 1468.3397  340.0000    0.5000    5.8000   -0.3000    1.2000    0.7000
    0.0137    0.1697    0.0522    2.0000    0.0762    0.0000 1468.3397  340.0000    0.5000    5.8000   -0.3000    1.2000    0.7000
    0.0132    0.1569    0.0545    2.0000    0.0762    0.0000 1468.3397  340.0000    0.5000    5.8000   -0.3000    1.2000    0.7000
    0.0127    0.1448    0.0568    2.0000    0.0762    0.0000 1468.3397  340.0000    0.5000    5.8000   -0.3000    1.2000    0.7000
    0.0122    0.1335    0.0591    2.0000    0.0762    0.0000 1468.3397  340.0000    0.5000    5.8000   -0.3000    1.2000    0.7000
    0.0117    0.1229    0.0613    2.0000    0.0762    0.0000 1468.3397  340.0000    0.5000    5.8000   -0.3000    1.2000    0.7000
    0.0111    0.1129    0.0636    2.0000    0.0762    0.0000 1468.3397  340.0000    0.5000    5.8000   -0.3000    1.2000    0.7000
    0.0106    0.1036    0.0659    2.0000    0.0762    0.0000 1468.3397  340.0000    0.5000    5.8000   -0.3000    1.2000    0.7000
    0.0100    0.0951    0.0682    2.0000    0.0762    0.0000 1468.3397  340.0000    0.5000    5.8000   -0.3000    1.2000    0.7000
    0.0091    0.0875    0.0705    2.0000    0.0762    0.0000 1468.3397  340.0000    0.5000    5.8000   -0.3000    1.2000    0.7000
    0.0078    0.0809    0.0728    2.0000    0.0762    0.0000 1468.3397  340.0000    0.5000    5.8000   -0.3000    1.2000    0.7000
    0.0060    0.0756    0.0751    2.0000    0.0762    0.0000 1468.3397  340.0000    0.5000    5.8000   -0.3000    1.2000    0.7000
    0.0170    0.4604    0.0202    2.0000    0.0762    0.0000 1468.3397  340.0000    0.5000    5.8000   -0.3000    1.2000    0.7000
    0.0173    0.4243    0.0225    2.0000    0.0762    0.0000 1468.3397  340.0000    0.5000    5.8000   -0.3000    1.2000    0.7000
    0.0175    0.3922    0.0248    2.0000    0.0762    0.0000 1468.3397  340.0000    0.5000    5.8000   -0.3000    1.2000    0.7000
    0.0175    0.3640    0.0271    2.0000    0.0762    0.0000 1468.3397  340.0000    0.5000    5.8000   -0.3000    1.2000    0.7000
    0.0173    0.3393    0.0293    2.0000    0.0762    0.0000 1468.3397  340.0000    0.5000    5.8000   -0.3000    1.2000    0.7000
    0.0171    0.3175    0.0316    2.0000    0.0762    0.0000 1468.3397  340.0000    0.5000    5.8000   -0.3000    1.2000    0.7000
    0.0167    0.2978    0.0339    2.0000    0.0762    0.0000 1468.3397  340.0000    0.5000    5.8000   -0.3000    1.2000    0.7000
    0.0163    0.2797    0.0362    2.0000    0.0762    0.0000 1468.3397  340.0000    0.5000    5.8000   -0.3000    1.2000    0.7000
    0.0159    0.2624    0.0385    2.0000    0.0762    0.0000 1468.3397  340.0000    0.5000    5.8000   -0.3000    1.2000    0.7000
    0.0156    0.2456    0.0408    2.0000    0.0762    0.0000 1468.3397  340.0000    0.5000    5.8000   -0.3000    1.2000    0.7000
    0.0152    0.2292    0.0431    2.0000    0.0762    0.0000 1468.3397  340.0000    0.5000    5.8000   -0.3000    1.2000    0.7000
    0.0149    0.2133    0.0453    2.0000    0.0762    0.0000 1468.3397  340.0000    0.5000    5.8000   -0.3000    1.2000    0.7000
    0.0145    0.1980    0.0476    2.0000    0.0762    0.0000 1468.3397  340.0000    0.5000    5.8000   -0.3000    1.2000    0.7000
    0.0141    0.1835    0.0499    2.0000    0.0762    0.0000 1468.3397  340.0000    0.5000    5.8000   -0.3000    1.2000    0.7000
    0.0137    0.1697    0.0522    2.0000    0.0762    0.0000 1468.3397  340.0000    0.5000    5.8000   -0.3000    1.2000    0.7000
    0.0132    0.1569    0.0545    2.0000    0.0762    0.0000 1468.3397  340.0000    0.5000    5.8000   -0.3000    1.2000    0.7000
    0.0127    0.1448    0.0568    2.0000    0.0762    0.0000 1468.3397  340.0000    0.5000    5.8000   -0.3000    1.2000    0.7000
    0.0122    0.1335    0.0591    2.0000    0.0762    0.0000 1468.3397  340.0000    0.5000    5.8000   -0.3000    1.2000    0.7000
    0.0117    0.1229    0.0613    2.0000    0.0762    0.0000 1468.3397  340.0000    0.5000    5.8000   -0.3000    1.2000    0.7000
    0.0111    0.1129    0.0636    2.0000    0.0762    0.0000 1468.3397  340.0000    0.5000    5.8000   -0.3000    1.2000    0.7000
    0.0106    0.1036    0.0659    2.0000    0.0762    0.0000 1468.3397  340.0000    0.5000    5.8000   -0.3000    1.2000    0.7000
    0.0100    0.0951    0.0682    2.0000    0.0762    0.0000 1468.3397  340.0000    0.5000    5.8000   -0.3000    1.2000    0.7000
    0.0091    0.0875    0.0705    2.0000    0.0762    0.0000 1468.3397  340.0000    0.5000    5.8000   -0.3000    1.2000    0.7000
    0.0078    0.0809    0.0728    2.0000    0.0762    0.0000 1468.3397  340.0000    0.5000    5.8000   -0.3000    1.2000    0.7000
    0.0060    0.0756    0.0751    2.0000    0.0762    0.0000 1468.3397  340.0000    0.5000    5.8000   -0.3000    1.2000    0.7000
    0.0170    0.4604    0.0202    2.0000    0.0762    0.0000 1468.3397  340.0000    0.5000    5.8000   -0.3000    1.2000    0.7000
    0.0173    0.4243    0.0225    2.0000    0.0762    0.0000 1468.3397  340.0000    0.5000    5.8000   -0.3000    1.2000    0.7000
    0.0175    0.3922    0.0248    2.0000    0.0762    0.0000 1468.3397  340.0000    0.5000    5.8000   -0.3000    1.2000    0.7000
    0.0175    0.3640    0.0271    2.0000    0.0762    0.0000 1468.3397  340.0000    0.5000    5.8000   -0.3000    1.2000    0.7000
    0.0173    0.3393    0.0293    2.0000    0.0762    0.0000 1468.3397  340.0000    0.5000    5.8000   -0.3000    1.2000    0.7000
    0.0171    0.3175    0.0316    2.0000    0.0762    0.0000 1468.3397  340.0000    0.5000    5.8000   -0.3000    1.2000    0.7000
    0.0167    0.2978    0.0339    2.0000    0.0762    0.0000 1468.3397  340.0000    0.5000    5.8000   -0.3000    1.2000    0.7000
    0.0163    0.2797    0.0362    2.0000    0.0762    0.0000 1468.3397  340.0000    0.5000    5.8000   -0.3000    1.2000    0.7000
    0.0159    0.2624    0.0385    2.0000    0.0762    0.0000 1468.3397  340.0000    0.5000    5.8000   -0.3000    1.2000    0.7000
    0.0156    0.2456    0.0408    2.0000    0.0762    0.0000 1468.3397  340.0000    0.5000    5.8000   -0.3000    1.2000    0.7000
    0.0152    0.2292    0.0431    2.0000    0.0762    0.0000 1468.3397  340.0000    0.5000    5.8000   -0.3000    1.2000    0.7000
    0.0149    0.2133    0.0453    2.0000    0.0762    0.0000 1468.3397  340.0000    0.5000    5.8000   -0.3000    1.2000    0.7000
    0.0145    0.1980    0.0476    2.0000    0.0762    0.0000 1468.3397  340.0000    0.5000    5.8000   -0.3000    1.2000    0.7000
    0.0141    0.1835    0.0499    2.0000    0.0762    0.0000 1468.3397  340.0000    0.5000    5.8000   -0.3000    1.2000    0.7000
    0.0137    0.1697    0.0522    2.0000    0.0762    0.0000 1468.3397  340.0000    0.5000    5.8000   -0.3000    1.2000    0.7000
    0.0132    0.1569    0.0545    2.0000    0.0762    0.0000 1468.3397  340.0000    0.5000    5.8000   -0.3000    1.2000    0.7000
    0.0127    0.1448    0.0568    2.0000    0.0762    0.0000 1468.3397  340.0000    0.5000    5.8000   -0.3000    1.2000    0.7000
    0.0122    0.1335    0.0591    2.0000    0.0762    0.0000 1468.3397  340.0000    0.5000    5.8000   -0.3000    1.2000    0.7000
    0.0117    0.1229    0.0613    2.0000    0.0762    0.0000 1468.3397  340.0000    0.5000    5.8000   -0.3000    1.2000    0.7000
    0.0111    0.1129    0.0636    2.0000    0.0762    0.0000 1468.3397  340.0000    0.5000    5.8000   -0.3000    1.2000    0.7000
    0.0106    0.1036    0.0659    2.0000    0.0762    0.0000 1468.3397  340.0000    0.5000    5.8000   -0.3000    1.2000    0.7000
    0.0100    0.0951    0.0682    2.0000    0.0762    0.0000 1468.3397  340.0000    0.5000    5.8000   -0.3000    1.2000    0.7000
    0.0091    0.0875    0.0705    2.0000    0.0762    0.0000 1468.3397  340.0000    0.5000    5.8000   -0.3000    1.2000    0.7000
    0.0078    0.0809    0.0728    2.0000    0.0762    0.0000 1468.3397  340.0000    0.5000    5.8000   -0.3000    1.2000    0.7000
    0.0060    0.0756    0.0751    2.0000    0.0762    0.0000 1468.3397  340.0000    0.5000    5.8000   -0.3000    1.2000    0.7000
    0.0170    0.4604    0.0202    2.0000    0.0762    0.0000 1468.3397  340.0000    0.5000    5.8000   -0.3000    1.2000    0.7000
    0.0173    0.4243    0.0225    2.0000    0.0762    0.0000 1468.3397  340.0000    0.5000    5.8000   -0.3000    1.2000    0.7000
    0.0175    0.3922    0.0248    2.0000    0.0762    0.0000 1468.3397  340.0000    0.5000    5.8000   -0.3000    1.2000    0.7000
    0.0175    0.3640    0.0271    2.0000    0.0762    0.0000 1468.3397  340.0000    0.5000    5.8000   -0.3000    1.2000    0.7000
    0.0173    0.3393    0.0293    2.0000    0.0762    0.0000 1468.3397  340.0000    0.5000    5.8000   -0.3000    1.2000    0.7000
    0.0171    0.3175    0.0316    2.0000    0.0762    0.0000 1468.3397  340.0000    0.5000    5.8000   -0.3000    1.2000    0.7000
    0.0167    0.2978    0.0339    2.0000    0.0762    0.0000 1468.3397  340.0000    0.5000    5.8000   -0.3000    1.2000    0.7000
    0.0163    0.2797    0.0362    2.0000    0.0762    0.0000 1468.3397  340.0000    0.5000    5.8000   -0.3000    1.2000    0.7000
    0.0159    0.2624    0.0385    2.0000    0.0762    0.0000 1468.3397  340.0000    0.5000    5.8000   -0.3000    1.2000    0.7000
    0.0156    0.2456    0.0408    2.0000    0.0762    0.0000 1468.3397  340.0000    0.5000    5.8000   -0.3000    1.2000    0.7000
    0.0152    0.2292    0.0431    2.0000    0.0762    0.0000 1468.3397  340.0000    0.5000    5.8000   -0.3000    1.2000    0.7000
    0.0149    0.2133    0.0453    2.0000    0.0762    0.0000 1468.3397  340.0000    0.5000    5.8000   -0.3000    1.2000    0.7000
    0.0145    0.1980    0.0476    2.0000    0.0762    0.0000 1468.3397  340.0000    0.5000    5.8000   -0.3000    1.2000    0.7000
    0.0141    0.1835    0.0499    2.0000    0.0762    0.0000 1468.3397  340.0000    0.5000    5.8000   -0.3000    1.2000    0.7000
    0.0137    0.1697    0.0522    2.0000    0.0762    0.0000 1468.3397  340.0000    0.5000    5.8000   -0.3000    1.2000    0.7000
    0.0132    0.1569    0.0545    2.0000    0.0762    0.0000 1468.3397  340.0000    0.5000    5.8000   -0.3000    1.2000    0.7000
    0.0127    0.1448    0.0568    2.0000    0.0762    0.0000 1468.3397  340.0000    0.5000    5.8000   -0.3000    1.2000    0.7000
    0.0122    0.1335    0.0591    2.0000    0.0762    0.0000 1468.3397  340.0000    0.5000    5.8000   -0.3000    1.2000    0.7000
    0.0117    0.1229    0.0613    2.0000    0.0762    0.0000 1468.3397  340.0000    0.5000    5.8000   -0.3000    1.2000    0.7000
    0.0111    0.1129    0.0636    2.0000    0.0762    0.0000 1468.3397  340.0000    0.5000    5.8000   -0.3000    1.2000    0.7000
    0.0106    0.1036    0.0659    2.0000    0.0762    0.0000 1468.3397  340.0000    0.5000    5.8000   -0.3000    1.2000    0.7000
    0.0100    0.0951    0.0682    2.0000    0.0762    0.0000 1468.3397  340.0000    0.5000    5.8000   -0.3000    1.2000    0.7000
    0.0091    0.0875    0.0705    2.0000    0.0762    0.0000 1468.3397  340.0000    0.5000    5.8000   -0.3000    1.2000    0.7000
    0.0078    0.0809    0.0728    2.0000    0.0762    0.0000 1468.3397  340.0000    0.5000    5.8000   -0.3000    1.2000    0.7000
    0.0060    0.0756    0.0751    2.0000    0.0762    0.0000 1468.3397  340.0000    0.5000    5.8000   -0.3000    1.2000    0.7000
