             25         0.0170         0.0173         0.0175         0.0175         0.0173         0.0171         0.0167         0.0163         0.0159
     0.1558E-01         0.0152         0.0149         0.0145         0.0141         0.0137         0.0132         0.0127         0.0122         0.0117
     0.1115E-01         0.0106         0.0100         0.0091         0.0078         0.0060         0.0202         0.0225         0.0248         0.0271
     0.2934E-01         0.0316         0.0339         0.0362         0.0385         0.0408         0.0431         0.0453         0.0476         0.0499
     0.5220E-01         0.0545         0.0568         0.0591         0.0613         0.0636         0.0659         0.0682         0.0705         0.0728
     0.7506E-01         0.0023         0.0023         0.0023         0.0023         0.0023         0.0023         0.0023         0.0023         0.0023
     0.2286E-02         0.0023         0.0023         0.0023         0.0023         0.0023         0.0023         0.0023         0.0023         0.0023
     0.2286E-02         0.0023         0.0023         0.0023         0.0023         0.0023        10.7925        11.6398        12.1128        12.4976
      12.81            13.0631        13.2613        13.4091        13.5067        13.5540        13.5539        13.5100        13.4259        13.3053
      13.15            12.9760        12.7858        12.5946        12.4185        12.2791        12.1962        12.1646        12.1974        12.3989
      13.58             3.6375         3.6995         3.5666         3.4223         3.2742         3.1260         2.9794         2.8345         2.6907
      2.547             2.4051         2.2649         2.1276         1.9939         1.8647         1.7415         1.6261         1.5203         1.4263
      1.347             1.2839         1.2345         1.1996         1.1955         1.3612         1.1986         1.1900         1.1298         1.0794
      1.038             1.0027         0.9721         0.9434         0.9140         0.8821         0.8485         0.8140         0.7798         0.7467
     0.7155             0.6863         0.6586         0.6322         0.6063         0.5801         0.5533         0.5271         0.5025         0.4765
     0.4193             0.0991         0.0566         0.0484         0.0426         0.0383         0.0352         0.0327         0.0306         0.0288
     0.2714E-01         0.0256         0.0242         0.0231         0.0221         0.0214         0.0209         0.0205         0.0203         0.0201
     0.2006E-01         0.0201         0.0204         0.0213         0.0232         0.0277         0.0762      2353.6536
             25         0.0170         0.0173         0.0175         0.0175         0.0173         0.0171         0.0167         0.0163         0.0159
     0.1558E-01         0.0152         0.0149         0.0145         0.0141         0.0137         0.0132         0.0127         0.0122         0.0117
     0.1115E-01         0.0106         0.0100         0.0091         0.0078         0.0060         0.0202         0.0225         0.0248         0.0271
     0.2934E-01         0.0316         0.0339         0.0362         0.0385         0.0408         0.0431         0.0453         0.0476         0.0499
     0.5220E-01         0.0545         0.0568         0.0591         0.0613         0.0636         0.0659         0.0682         0.0705         0.0728
     0.7506E-01         0.0023         0.0023         0.0023         0.0023         0.0023         0.0023         0.0023         0.0023         0.0023
     0.2286E-02         0.0023         0.0023         0.0023         0.0023         0.0023         0.0023         0.0023         0.0023         0.0023
     0.2286E-02         0.0023         0.0023         0.0023         0.0023         0.0023         7.1082         7.5060         7.8286         8.0907
      8.303             8.4738         8.6066         8.7037         8.7651         8.7904         8.7817         8.7419         8.6734         8.5792
      8.463             8.3292         8.1861         8.0422         7.9082         7.7987         7.7269         7.6893         7.6942         7.8115
      8.582             2.5450         2.4749         2.3877         2.2920         2.1933         2.0940         1.9953         1.8974         1.7996
      1.702             1.6042         1.5080         1.4136         1.3217         1.2329         1.1483         1.0691         0.9966         0.9320
     0.8772             0.8333         0.7984         0.7730         0.7675         0.8715         1.1818         1.1203         1.0653         1.0188
     0.9801             0.9474         0.9186         0.8912         0.8628         0.8318         0.7988         0.7650         0.7312         0.6984
     0.6673             0.6381         0.6104         0.5838         0.5577         0.5315         0.5048         0.4789         0.4546         0.4294
     0.3775             0.0778         0.0655         0.0566         0.0501         0.0454         0.0418         0.0391         0.0368         0.0347
     0.3280E-01         0.0311         0.0295         0.0282         0.0272         0.0264         0.0259         0.0255         0.0254         0.0253
     0.2533E-01         0.0255         0.0260         0.0272         0.0298         0.0359         0.0762      1662.4507
             25         0.0170         0.0173         0.0175         0.0175         0.0173         0.0171         0.0167         0.0163         0.0159
     0.1558E-01         0.0152         0.0149         0.0145         0.0141         0.0137         0.0132         0.0127         0.0122         0.0117
     0.1115E-01         0.0106         0.0100         0.0091         0.0078         0.0060         0.0202         0.0225         0.0248         0.0271
     0.2934E-01         0.0316         0.0339         0.0362         0.0385         0.0408         0.0431         0.0453         0.0476         0.0499
     0.5220E-01         0.0545         0.0568         0.0591         0.0613         0.0636         0.0659         0.0682         0.0705         0.0728
     0.7506E-01         0.0023         0.0023         0.0023         0.0023         0.0023         0.0023         0.0023         0.0023         0.0023
     0.2286E-02         0.0023         0.0023         0.0023         0.0023         0.0023         0.0023         0.0023         0.0023         0.0023
     0.2286E-02         0.0023         0.0023         0.0023         0.0023         0.0023         6.1917         6.5468         6.8349         7.0689
      7.259             7.4114         7.5301         7.6167         7.6712         7.6929         7.6841         7.6470         7.5842         7.4982
      7.392             7.2713         7.1418         7.0116         6.8903         6.7909         6.7250         6.6896         6.6920         6.7942
      7.475             2.2493         2.1887         2.1126         2.0287         1.9419         1.8545         1.7675         1.6809         1.5943
      1.507             1.4208         1.3351         1.2511         1.1693         1.0902         1.0149         0.9445         0.8799         0.8225
     0.7737             0.7346         0.7035         0.6808         0.6757         0.7666         1.1539         1.0950         1.0421         0.9972
     0.9599             0.9282         0.9002         0.8736         0.8458         0.8153         0.7828         0.7494         0.7160         0.6835
     0.6527             0.6237         0.5961         0.5697         0.5437         0.5177         0.4912         0.4655         0.4413         0.4166
     0.3660             0.0803         0.0680         0.0589         0.0523         0.0475         0.0439         0.0411         0.0387         0.0366
     0.3465E-01         0.0329         0.0313         0.0300         0.0289         0.0282         0.0276         0.0273         0.0271         0.0271
     0.2717E-01         0.0274         0.0280         0.0293         0.0321         0.0387         0.0762      1500.7653
             25         0.0170         0.0173         0.0175         0.0175         0.0173         0.0171         0.0167         0.0163         0.0159
     0.1558E-01         0.0152         0.0149         0.0145         0.0141         0.0137         0.0132         0.0127         0.0122         0.0117
     0.1115E-01         0.0106         0.0100         0.0091         0.0078         0.0060         0.0202         0.0225         0.0248         0.0271
     0.2934E-01         0.0316         0.0339         0.0362         0.0385         0.0408         0.0431         0.0453         0.0476         0.0499
     0.5220E-01         0.0545         0.0568         0.0591         0.0613         0.0636         0.0659         0.0682         0.0705         0.0728
     0.7506E-01         0.0023         0.0023         0.0023         0.0023         0.0023         0.0023         0.0023         0.0023         0.0023
     0.2286E-02         0.0023         0.0023         0.0023         0.0023         0.0023         0.0023         0.0023         0.0023         0.0023
     0.2286E-02         0.0023         0.0023         0.0023         0.0023         0.0023         6.1433         6.4961         6.7823         7.0149
      7.204             7.3552         7.4732         7.5593         7.6134         7.6350         7.6261         7.5892         7.5267         7.4412
      7.336             7.2156         7.0868         6.9573         6.8368         6.7379         6.6724         6.6371         6.6394         6.7408
      7.416             2.2336         2.1736         2.0980         2.0148         1.9286         1.8419         1.7554         1.6695         1.5835
      1.497             1.4111         1.3260         1.2425         1.1612         1.0827         1.0079         0.9379         0.8738         0.8167
     0.7682             0.7294         0.6985         0.6760         0.6709         0.7611         1.1523         1.0935         1.0407         0.9959
     0.9587             0.9271         0.8991         0.8725         0.8448         0.8143         0.7819         0.7485         0.7151         0.6826
     0.6518             0.6228         0.5953         0.5689         0.5429         0.5169         0.4904         0.4647         0.4406         0.4158
     0.3653             0.0805         0.0681         0.0590         0.0524         0.0476         0.0440         0.0412         0.0388         0.0367
     0.3476E-01         0.0330         0.0314         0.0301         0.0290         0.0283         0.0277         0.0274         0.0272         0.0272
     0.2728E-01         0.0275         0.0281         0.0294         0.0323         0.0389         0.0762      1492.2013
             25         0.0170         0.0173         0.0175         0.0175         0.0173         0.0171         0.0167         0.0163         0.0159
     0.1558E-01         0.0152         0.0149         0.0145         0.0141         0.0137         0.0132         0.0127         0.0122         0.0117
     0.1115E-01         0.0106         0.0100         0.0091         0.0078         0.0060         0.0202         0.0225         0.0248         0.0271
     0.2934E-01         0.0316         0.0339         0.0362         0.0385         0.0408         0.0431         0.0453         0.0476         0.0499
     0.5220E-01         0.0545         0.0568         0.0591         0.0613         0.0636         0.0659         0.0682         0.0705         0.0728
     0.7506E-01         0.0023         0.0023         0.0023         0.0023         0.0023         0.0023         0.0023         0.0023         0.0023
     0.2286E-02         0.0023         0.0023         0.0023         0.0023         0.0023         0.0023         0.0023         0.0023         0.0023
     0.2286E-02         0.0023         0.0023         0.0023         0.0023         0.0023         6.1432         6.4960         6.7822         7.0148
      7.204             7.3551         7.4731         7.5592         7.6133         7.6348         7.6260         7.5891         7.5265         7.4411
      7.336             7.2154         7.0866         6.9572         6.8366         6.7378         6.6722         6.6369         6.6392         6.7406
      7.416             2.2335         2.1735         2.0980         2.0147         1.9286         1.8418         1.7554         1.6694         1.5834
      1.497             1.4111         1.3260         1.2425         1.1612         1.0827         1.0079         0.9379         0.8737         0.8167
     0.7682             0.7294         0.6985         0.6759         0.6709         0.7611         1.1522         1.0935         1.0407         0.9959
     0.9587             0.9271         0.8991         0.8725         0.8448         0.8143         0.7819         0.7485         0.7151         0.6826
     0.6518             0.6228         0.5953         0.5689         0.5429         0.5169         0.4904         0.4647         0.4406         0.4158
     0.3653             0.0805         0.0681         0.0590         0.0524         0.0476         0.0440         0.0412         0.0388         0.0367
     0.3476E-01         0.0330         0.0314         0.0301         0.0290         0.0283         0.0277         0.0274         0.0272         0.0272
     0.2728E-01         0.0275         0.0281         0.0294         0.0323         0.0389         0.0762      1492.1776
             25         0.0170         0.0173         0.0175         0.0175         0.0173         0.0171         0.0167         0.0163         0.0159
     0.1558E-01         0.0152         0.0149         0.0145         0.0141         0.0137         0.0132         0.0127         0.0122         0.0117
     0.1115E-01         0.0106         0.0100         0.0091         0.0078         0.0060         0.0202         0.0225         0.0248         0.0271
     0.2934E-01         0.0316         0.0339         0.0362         0.0385         0.0408         0.0431         0.0453         0.0476         0.0499
     0.5220E-01         0.0545         0.0568         0.0591         0.0613         0.0636         0.0659         0.0682         0.0705         0.0728
     0.7506E-01         0.0023         0.0023         0.0023         0.0023         0.0023         0.0023         0.0023         0.0023         0.0023
     0.2286E-02         0.0023         0.0023         0.0023         0.0023         0.0023         0.0023         0.0023         0.0023         0.0023
     0.2286E-02         0.0023         0.0023         0.0023         0.0023         0.0023         6.1432         6.4960         6.7822         7.0148
      7.204             7.3551         7.4731         7.5592         7.6133         7.6348         7.6260         7.5891         7.5265         7.4411
      7.336             7.2154         7.0866         6.9572         6.8366         6.7378         6.6722         6.6369         6.6392         6.7406
      7.416             2.2335         2.1735         2.0980         2.0147         1.9286         1.8418         1.7554         1.6694         1.5834
      1.497             1.4111         1.3260         1.2425         1.1612         1.0827         1.0079         0.9379         0.8737         0.8167
     0.7682             0.7294         0.6985         0.6759         0.6709         0.7611         1.1522         1.0935         1.0407         0.9959
     0.9587             0.9271         0.8991         0.8725         0.8448         0.8143         0.7819         0.7485         0.7151         0.6826
     0.6518             0.6228         0.5953         0.5689         0.5429         0.5169         0.4904         0.4647         0.4406         0.4158
     0.3653             0.0805         0.0681         0.0590         0.0524         0.0476         0.0440         0.0412         0.0388         0.0367
     0.3476E-01         0.0330         0.0314         0.0301         0.0290         0.0283         0.0277         0.0274         0.0272         0.0272
     0.2728E-01         0.0275         0.0281         0.0294         0.0323         0.0389         0.0762      1492.1776
             25         0.0170         0.0173         0.0175         0.0175         0.0173         0.0171         0.0167         0.0163         0.0159
     0.1558E-01         0.0152         0.0149         0.0145         0.0141         0.0137         0.0132         0.0127         0.0122         0.0117
     0.1115E-01         0.0106         0.0100         0.0091         0.0078         0.0060         0.0202         0.0225         0.0248         0.0271
     0.2934E-01         0.0316         0.0339         0.0362         0.0385         0.0408         0.0431         0.0453         0.0476         0.0499
     0.5220E-01         0.0545         0.0568         0.0591         0.0613         0.0636         0.0659         0.0682         0.0705         0.0728
     0.7506E-01         0.0023         0.0023         0.0023         0.0023         0.0023         0.0023         0.0023         0.0023         0.0023
     0.2286E-02         0.0023         0.0023         0.0023         0.0023         0.0023         0.0023         0.0023         0.0023         0.0023
     0.2286E-02         0.0023         0.0023         0.0023         0.0023         0.0023         6.1432         6.4960         6.7822         7.0148
      7.204             7.3551         7.4731         7.5592         7.6133         7.6348         7.6260         7.5891         7.5265         7.4411
      7.336             7.2154         7.0866         6.9572         6.8366         6.7378         6.6722         6.6369         6.6392         6.7406
      7.416             2.2335         2.1735         2.0980         2.0147         1.9286         1.8418         1.7554         1.6694         1.5834
      1.497             1.4111         1.3260         1.2425         1.1612         1.0827         1.0079         0.9379         0.8737         0.8167
     0.7682             0.7294         0.6985         0.6759         0.6709         0.7611         1.1522         1.0935         1.0407         0.9959
     0.9587             0.9271         0.8991         0.8725         0.8448         0.8143         0.7819         0.7485         0.7151         0.6826
     0.6518             0.6228         0.5953         0.5689         0.5429         0.5169         0.4904         0.4647         0.4406         0.4158
     0.3653             0.0805         0.0681         0.0590         0.0524         0.0476         0.0440         0.0412         0.0388         0.0367
     0.3476E-01         0.0330         0.0314         0.0301         0.0290         0.0283         0.0277         0.0274         0.0272         0.0272
     0.2728E-01         0.0275         0.0281         0.0294         0.0323         0.0389         0.0762      1492.1776
             25         0.0170         0.0173         0.0175         0.0175         0.0173         0.0171         0.0167         0.0163         0.0159
     0.1558E-01         0.0152         0.0149         0.0145         0.0141         0.0137         0.0132         0.0127         0.0122         0.0117
     0.1115E-01         0.0106         0.0100         0.0091         0.0078         0.0060         0.0202         0.0225         0.0248         0.0271
     0.2934E-01         0.0316         0.0339         0.0362         0.0385         0.0408         0.0431         0.0453         0.0476         0.0499
     0.5220E-01         0.0545         0.0568         0.0591         0.0613         0.0636         0.0659         0.0682         0.0705         0.0728
     0.7506E-01         0.0023         0.0023         0.0023         0.0023         0.0023         0.0023         0.0023         0.0023         0.0023
     0.2286E-02         0.0023         0.0023         0.0023         0.0023         0.0023         0.0023         0.0023         0.0023         0.0023
     0.2286E-02         0.0023         0.0023         0.0023         0.0023         0.0023         6.1432         6.4960         6.7822         7.0148
      7.204             7.3551         7.4731         7.5592         7.6133         7.6348         7.6260         7.5891         7.5265         7.4411
      7.336             7.2154         7.0866         6.9572         6.8366         6.7378         6.6722         6.6369         6.6392         6.7406
      7.416             2.2335         2.1735         2.0980         2.0147         1.9286         1.8418         1.7554         1.6694         1.5834
      1.497             1.4111         1.3260         1.2425         1.1612         1.0827         1.0079         0.9379         0.8737         0.8167
     0.7682             0.7294         0.6985         0.6759         0.6709         0.7611         1.1522         1.0935         1.0407         0.9959
     0.9587             0.9271         0.8991         0.8725         0.8448         0.8143         0.7819         0.7485         0.7151         0.6826
     0.6518             0.6228         0.5953         0.5689         0.5429         0.5169         0.4904         0.4647         0.4406         0.4158
     0.3653             0.0805         0.0681         0.0590         0.0524         0.0476         0.0440         0.0412         0.0388         0.0367
     0.3476E-01         0.0330         0.0314         0.0301         0.0290         0.0283         0.0277         0.0274         0.0272         0.0272
     0.2728E-01         0.0275         0.0281         0.0294         0.0323         0.0389         0.0762      1492.1776
             25         0.0170         0.0173         0.0175         0.0175         0.0173         0.0171         0.0167         0.0163         0.0159
     0.1558E-01         0.0152         0.0149         0.0145         0.0141         0.0137         0.0132         0.0127         0.0122         0.0117
     0.1115E-01         0.0106         0.0100         0.0091         0.0078         0.0060         0.0202         0.0225         0.0248         0.0271
     0.2934E-01         0.0316         0.0339         0.0362         0.0385         0.0408         0.0431         0.0453         0.0476         0.0499
     0.5220E-01         0.0545         0.0568         0.0591         0.0613         0.0636         0.0659         0.0682         0.0705         0.0728
     0.7506E-01         0.0023         0.0023         0.0023         0.0023         0.0023         0.0023         0.0023         0.0023         0.0023
     0.2286E-02         0.0023         0.0023         0.0023         0.0023         0.0023         0.0023         0.0023         0.0023         0.0023
     0.2286E-02         0.0023         0.0023         0.0023         0.0023         0.0023         6.1432         6.4960         6.7822         7.0148
      7.204             7.3551         7.4731         7.5592         7.6133         7.6348         7.6260         7.5891         7.5265         7.4411
      7.336             7.2154         7.0866         6.9572         6.8366         6.7378         6.6722         6.6369         6.6392         6.7406
      7.416             2.2335         2.1735         2.0980         2.0147         1.9286         1.8418         1.7554         1.6694         1.5834
      1.497             1.4111         1.3260         1.2425         1.1612         1.0827         1.0079         0.9379         0.8737         0.8167
     0.7682             0.7294         0.6985         0.6759         0.6709         0.7611         1.1522         1.0935         1.0407         0.9959
     0.9587             0.9271         0.8991         0.8725         0.8448         0.8143         0.7819         0.7485         0.7151         0.6826
     0.6518             0.6228         0.5953         0.5689         0.5429         0.5169         0.4904         0.4647         0.4406         0.4158
     0.3653             0.0805         0.0681         0.0590         0.0524         0.0476         0.0440         0.0412         0.0388         0.0367
     0.3476E-01         0.0330         0.0314         0.0301         0.0290         0.0283         0.0277         0.0274         0.0272         0.0272
     0.2728E-01         0.0275         0.0281         0.0294         0.0323         0.0389         0.0762      1492.1776
             25         0.0170         0.0173         0.0175         0.0175         0.0173         0.0171         0.0167         0.0163         0.0159
     0.1558E-01         0.0152         0.0149         0.0145         0.0141         0.0137         0.0132         0.0127         0.0122         0.0117
     0.1115E-01         0.0106         0.0100         0.0091         0.0078         0.0060         0.0202         0.0225         0.0248         0.0271
     0.2934E-01         0.0316         0.0339         0.0362         0.0385         0.0408         0.0431         0.0453         0.0476         0.0499
     0.5220E-01         0.0545         0.0568         0.0591         0.0613         0.0636         0.0659         0.0682         0.0705         0.0728
     0.7506E-01         0.0023         0.0023         0.0023         0.0023         0.0023         0.0023         0.0023         0.0023         0.0023
     0.2286E-02         0.0023         0.0023         0.0023         0.0023         0.0023         0.0023         0.0023         0.0023         0.0023
     0.2286E-02         0.0023         0.0023         0.0023         0.0023         0.0023         6.1432         6.4960         6.7822         7.0148
      7.204             7.3551         7.4731         7.5592         7.6133         7.6348         7.6260         7.5891         7.5265         7.4411
      7.336             7.2154         7.0866         6.9572         6.8366         6.7378         6.6722         6.6369         6.6392         6.7406
      7.416             2.2335         2.1735         2.0980         2.0147         1.9286         1.8418         1.7554         1.6694         1.5834
      1.497             1.4111         1.3260         1.2425         1.1612         1.0827         1.0079         0.9379         0.8737         0.8167
     0.7682             0.7294         0.6985         0.6759         0.6709         0.7611         1.1522         1.0935         1.0407         0.9959
     0.9587             0.9271         0.8991         0.8725         0.8448         0.8143         0.7819         0.7485         0.7151         0.6826
     0.6518             0.6228         0.5953         0.5689         0.5429         0.5169         0.4904         0.4647         0.4406         0.4158
     0.3653             0.0805         0.0681         0.0590         0.0524         0.0476         0.0440         0.0412         0.0388         0.0367
     0.3476E-01         0.0330         0.0314         0.0301         0.0290         0.0283         0.0277         0.0274         0.0272         0.0272
     0.2728E-01         0.0275         0.0281         0.0294         0.0323         0.0389         0.0762      1492.1776
             25         0.0170         0.0173         0.0175         0.0175         0.0173         0.0171         0.0167         0.0163         0.0159
     0.1558E-01         0.0152         0.0149         0.0145         0.0141         0.0137         0.0132         0.0127         0.0122         0.0117
     0.1115E-01         0.0106         0.0100         0.0091         0.0078         0.0060         0.0202         0.0225         0.0248         0.0271
     0.2934E-01         0.0316         0.0339         0.0362         0.0385         0.0408         0.0431         0.0453         0.0476         0.0499
     0.5220E-01         0.0545         0.0568         0.0591         0.0613         0.0636         0.0659         0.0682         0.0705         0.0728
     0.7506E-01         0.0023         0.0023         0.0023         0.0023         0.0023         0.0023         0.0023         0.0023         0.0023
     0.2286E-02         0.0023         0.0023         0.0023         0.0023         0.0023         0.0023         0.0023         0.0023         0.0023
     0.2286E-02         0.0023         0.0023         0.0023         0.0023         0.0023         6.1432         6.4960         6.7822         7.0148
      7.204             7.3551         7.4731         7.5592         7.6133         7.6348         7.6260         7.5891         7.5265         7.4411
      7.336             7.2154         7.0866         6.9572         6.8366         6.7378         6.6722         6.6369         6.6392         6.7406
      7.416             2.2335         2.1735         2.0980         2.0147         1.9286         1.8418         1.7554         1.6694         1.5834
      1.497             1.4111         1.3260         1.2425         1.1612         1.0827         1.0079         0.9379         0.8737         0.8167
     0.7682             0.7294         0.6985         0.6759         0.6709         0.7611         1.1522         1.0935         1.0407         0.9959
     0.9587             0.9271         0.8991         0.8725         0.8448         0.8143         0.7819         0.7485         0.7151         0.6826
     0.6518             0.6228         0.5953         0.5689         0.5429         0.5169         0.4904         0.4647         0.4406         0.4158
     0.3653             0.0805         0.0681         0.0590         0.0524         0.0476         0.0440         0.0412         0.0388         0.0367
     0.3476E-01         0.0330         0.0314         0.0301         0.0290         0.0283         0.0277         0.0274         0.0272         0.0272
     0.2728E-01         0.0275         0.0281         0.0294         0.0323         0.0389         0.0762      1492.1776
             25         0.0170         0.0173         0.0175         0.0175         0.0173         0.0171         0.0167         0.0163         0.0159
     0.1558E-01         0.0152         0.0149         0.0145         0.0141         0.0137         0.0132         0.0127         0.0122         0.0117
     0.1115E-01         0.0106         0.0100         0.0091         0.0078         0.0060         0.0202         0.0225         0.0248         0.0271
     0.2934E-01         0.0316         0.0339         0.0362         0.0385         0.0408         0.0431         0.0453         0.0476         0.0499
     0.5220E-01         0.0545         0.0568         0.0591         0.0613         0.0636         0.0659         0.0682         0.0705         0.0728
     0.7506E-01         0.0023         0.0023         0.0023         0.0023         0.0023         0.0023         0.0023         0.0023         0.0023
     0.2286E-02         0.0023         0.0023         0.0023         0.0023         0.0023         0.0023         0.0023         0.0023         0.0023
     0.2286E-02         0.0023         0.0023         0.0023         0.0023         0.0023         6.1432         6.4960         6.7822         7.0148
      7.204             7.3551         7.4731         7.5592         7.6133         7.6348         7.6260         7.5891         7.5265         7.4411
      7.336             7.2154         7.0866         6.9572         6.8366         6.7378         6.6722         6.6369         6.6392         6.7406
      7.416             2.2335         2.1735         2.0980         2.0147         1.9286         1.8418         1.7554         1.6694         1.5834
      1.497             1.4111         1.3260         1.2425         1.1612         1.0827         1.0079         0.9379         0.8737         0.8167
     0.7682             0.7294         0.6985         0.6759         0.6709         0.7611         1.1522         1.0935         1.0407         0.9959
     0.9587             0.9271         0.8991         0.8725         0.8448         0.8143         0.7819         0.7485         0.7151         0.6826
     0.6518             0.6228         0.5953         0.5689         0.5429         0.5169         0.4904         0.4647         0.4406         0.4158
     0.3653             0.0805         0.0681         0.0590         0.0524         0.0476         0.0440         0.0412         0.0388         0.0367
     0.3476E-01         0.0330         0.0314         0.0301         0.0290         0.0283         0.0277         0.0274         0.0272         0.0272
     0.2728E-01         0.0275         0.0281         0.0294         0.0323         0.0389         0.0762      1492.1776
             25         0.0170         0.0173         0.0175         0.0175         0.0173         0.0171         0.0167         0.0163         0.0159
     0.1558E-01         0.0152         0.0149         0.0145         0.0141         0.0137         0.0132         0.0127         0.0122         0.0117
     0.1115E-01         0.0106         0.0100         0.0091         0.0078         0.0060         0.0202         0.0225         0.0248         0.0271
     0.2934E-01         0.0316         0.0339         0.0362         0.0385         0.0408         0.0431         0.0453         0.0476         0.0499
     0.5220E-01         0.0545         0.0568         0.0591         0.0613         0.0636         0.0659         0.0682         0.0705         0.0728
     0.7506E-01         0.0023         0.0023         0.0023         0.0023         0.0023         0.0023         0.0023         0.0023         0.0023
     0.2286E-02         0.0023         0.0023         0.0023         0.0023         0.0023         0.0023         0.0023         0.0023         0.0023
     0.2286E-02         0.0023         0.0023         0.0023         0.0023         0.0023         6.1432         6.4960         6.7822         7.0148
      7.204             7.3551         7.4731         7.5592         7.6133         7.6348         7.6260         7.5891         7.5265         7.4411
      7.336             7.2154         7.0866         6.9572         6.8366         6.7378         6.6722         6.6369         6.6392         6.7406
      7.416             2.2335         2.1735         2.0980         2.0147         1.9286         1.8418         1.7554         1.6694         1.5834
      1.497             1.4111         1.3260         1.2425         1.1612         1.0827         1.0079         0.9379         0.8737         0.8167
     0.7682             0.7294         0.6985         0.6759         0.6709         0.7611         1.1522         1.0935         1.0407         0.9959
     0.9587             0.9271         0.8991         0.8725         0.8448         0.8143         0.7819         0.7485         0.7151         0.6826
     0.6518             0.6228         0.5953         0.5689         0.5429         0.5169         0.4904         0.4647         0.4406         0.4158
     0.3653             0.0805         0.0681         0.0590         0.0524         0.0476         0.0440         0.0412         0.0388         0.0367
     0.3476E-01         0.0330         0.0314         0.0301         0.0290         0.0283         0.0277         0.0274         0.0272         0.0272
     0.2728E-01         0.0275         0.0281         0.0294         0.0323         0.0389         0.0762      1492.1776
             25         0.0170         0.0173         0.0175         0.0175         0.0173         0.0171         0.0167         0.0163         0.0159
     0.1558E-01         0.0152         0.0149         0.0145         0.0141         0.0137         0.0132         0.0127         0.0122         0.0117
     0.1115E-01         0.0106         0.0100         0.0091         0.0078         0.0060         0.0202         0.0225         0.0248         0.0271
     0.2934E-01         0.0316         0.0339         0.0362         0.0385         0.0408         0.0431         0.0453         0.0476         0.0499
     0.5220E-01         0.0545         0.0568         0.0591         0.0613         0.0636         0.0659         0.0682         0.0705         0.0728
     0.7506E-01         0.0023         0.0023         0.0023         0.0023         0.0023         0.0023         0.0023         0.0023         0.0023
     0.2286E-02         0.0023         0.0023         0.0023         0.0023         0.0023         0.0023         0.0023         0.0023         0.0023
     0.2286E-02         0.0023         0.0023         0.0023         0.0023         0.0023         6.1432         6.4960         6.7822         7.0148
      7.204             7.3551         7.4731         7.5592         7.6133         7.6348         7.6260         7.5891         7.5265         7.4411
      7.336             7.2154         7.0866         6.9572         6.8366         6.7378         6.6722         6.6369         6.6392         6.7406
      7.416             2.2335         2.1735         2.0980         2.0147         1.9286         1.8418         1.7554         1.6694         1.5834
      1.497             1.4111         1.3260         1.2425         1.1612         1.0827         1.0079         0.9379         0.8737         0.8167
     0.7682             0.7294         0.6985         0.6759         0.6709         0.7611         1.1522         1.0935         1.0407         0.9959
     0.9587             0.9271         0.8991         0.8725         0.8448         0.8143         0.7819         0.7485         0.7151         0.6826
     0.6518             0.6228         0.5953         0.5689         0.5429         0.5169         0.4904         0.4647         0.4406         0.4158
     0.3653             0.0805         0.0681         0.0590         0.0524         0.0476         0.0440         0.0412         0.0388         0.0367
     0.3476E-01         0.0330         0.0314         0.0301         0.0290         0.0283         0.0277         0.0274         0.0272         0.0272
     0.2728E-01         0.0275         0.0281         0.0294         0.0323         0.0389         0.0762      1492.1776
             25         0.0170         0.0173         0.0175         0.0175         0.0173         0.0171         0.0167         0.0163         0.0159
     0.1558E-01         0.0152         0.0149         0.0145         0.0141         0.0137         0.0132         0.0127         0.0122         0.0117
     0.1115E-01         0.0106         0.0100         0.0091         0.0078         0.0060         0.0202         0.0225         0.0248         0.0271
     0.2934E-01         0.0316         0.0339         0.0362         0.0385         0.0408         0.0431         0.0453         0.0476         0.0499
     0.5220E-01         0.0545         0.0568         0.0591         0.0613         0.0636         0.0659         0.0682         0.0705         0.0728
     0.7506E-01         0.0023         0.0023         0.0023         0.0023         0.0023         0.0023         0.0023         0.0023         0.0023
     0.2286E-02         0.0023         0.0023         0.0023         0.0023         0.0023         0.0023         0.0023         0.0023         0.0023
     0.2286E-02         0.0023         0.0023         0.0023         0.0023         0.0023         6.1432         6.4960         6.7822         7.0148
      7.204             7.3551         7.4731         7.5592         7.6133         7.6348         7.6260         7.5891         7.5265         7.4411
      7.336             7.2154         7.0866         6.9572         6.8366         6.7378         6.6722         6.6369         6.6392         6.7406
      7.416             2.2335         2.1735         2.0980         2.0147         1.9286         1.8418         1.7554         1.6694         1.5834
      1.497             1.4111         1.3260         1.2425         1.1612         1.0827         1.0079         0.9379         0.8737         0.8167
     0.7682             0.7294         0.6985         0.6759         0.6709         0.7611         1.1522         1.0935         1.0407         0.9959
     0.9587             0.9271         0.8991         0.8725         0.8448         0.8143         0.7819         0.7485         0.7151         0.6826
     0.6518             0.6228         0.5953         0.5689         0.5429         0.5169         0.4904         0.4647         0.4406         0.4158
     0.3653             0.0805         0.0681         0.0590         0.0524         0.0476         0.0440         0.0412         0.0388         0.0367
     0.3476E-01         0.0330         0.0314         0.0301         0.0290         0.0283         0.0277         0.0274         0.0272         0.0272
     0.2728E-01         0.0275         0.0281         0.0294         0.0323         0.0389         0.0762      1492.1776
             25         0.0170         0.0173         0.0175         0.0175         0.0173         0.0171         0.0167         0.0163         0.0159
     0.1558E-01         0.0152         0.0149         0.0145         0.0141         0.0137         0.0132         0.0127         0.0122         0.0117
     0.1115E-01         0.0106         0.0100         0.0091         0.0078         0.0060         0.0202         0.0225         0.0248         0.0271
     0.2934E-01         0.0316         0.0339         0.0362         0.0385         0.0408         0.0431         0.0453         0.0476         0.0499
     0.5220E-01         0.0545         0.0568         0.0591         0.0613         0.0636         0.0659         0.0682         0.0705         0.0728
     0.7506E-01         0.0023         0.0023         0.0023         0.0023         0.0023         0.0023         0.0023         0.0023         0.0023
     0.2286E-02         0.0023         0.0023         0.0023         0.0023         0.0023         0.0023         0.0023         0.0023         0.0023
     0.2286E-02         0.0023         0.0023         0.0023         0.0023         0.0023         6.1432         6.4960         6.7822         7.0148
      7.204             7.3551         7.4731         7.5592         7.6133         7.6348         7.6260         7.5891         7.5265         7.4411
      7.336             7.2154         7.0866         6.9572         6.8366         6.7378         6.6722         6.6369         6.6392         6.7406
      7.416             2.2335         2.1735         2.0980         2.0147         1.9286         1.8418         1.7554         1.6694         1.5834
      1.497             1.4111         1.3260         1.2425         1.1612         1.0827         1.0079         0.9379         0.8737         0.8167
     0.7682             0.7294         0.6985         0.6759         0.6709         0.7611         1.1522         1.0935         1.0407         0.9959
     0.9587             0.9271         0.8991         0.8725         0.8448         0.8143         0.7819         0.7485         0.7151         0.6826
     0.6518             0.6228         0.5953         0.5689         0.5429         0.5169         0.4904         0.4647         0.4406         0.4158
     0.3653             0.0805         0.0681         0.0590         0.0524         0.0476         0.0440         0.0412         0.0388         0.0367
     0.3476E-01         0.0330         0.0314         0.0301         0.0290         0.0283         0.0277         0.0274         0.0272         0.0272
     0.2728E-01         0.0275         0.0281         0.0294         0.0323         0.0389         0.0762      1492.1776
             25         0.0170         0.0173         0.0175         0.0175         0.0173         0.0171         0.0167         0.0163         0.0159
     0.1558E-01         0.0152         0.0149         0.0145         0.0141         0.0137         0.0132         0.0127         0.0122         0.0117
     0.1115E-01         0.0106         0.0100         0.0091         0.0078         0.0060         0.0202         0.0225         0.0248         0.0271
     0.2934E-01         0.0316         0.0339         0.0362         0.0385         0.0408         0.0431         0.0453         0.0476         0.0499
     0.5220E-01         0.0545         0.0568         0.0591         0.0613         0.0636         0.0659         0.0682         0.0705         0.0728
     0.7506E-01         0.0023         0.0023         0.0023         0.0023         0.0023         0.0023         0.0023         0.0023         0.0023
     0.2286E-02         0.0023         0.0023         0.0023         0.0023         0.0023         0.0023         0.0023         0.0023         0.0023
     0.2286E-02         0.0023         0.0023         0.0023         0.0023         0.0023         6.1432         6.4960         6.7822         7.0148
      7.204             7.3551         7.4731         7.5592         7.6133         7.6348         7.6260         7.5891         7.5265         7.4411
      7.336             7.2154         7.0866         6.9572         6.8366         6.7378         6.6722         6.6369         6.6392         6.7406
      7.416             2.2335         2.1735         2.0980         2.0147         1.9286         1.8418         1.7554         1.6694         1.5834
      1.497             1.4111         1.3260         1.2425         1.1612         1.0827         1.0079         0.9379         0.8737         0.8167
     0.7682             0.7294         0.6985         0.6759         0.6709         0.7611         1.1522         1.0935         1.0407         0.9959
     0.9587             0.9271         0.8991         0.8725         0.8448         0.8143         0.7819         0.7485         0.7151         0.6826
     0.6518             0.6228         0.5953         0.5689         0.5429         0.5169         0.4904         0.4647         0.4406         0.4158
     0.3653             0.0805         0.0681         0.0590         0.0524         0.0476         0.0440         0.0412         0.0388         0.0367
     0.3476E-01         0.0330         0.0314         0.0301         0.0290         0.0283         0.0277         0.0274         0.0272         0.0272
     0.2728E-01         0.0275         0.0281         0.0294         0.0323         0.0389         0.0762      1492.1776
             25         0.0170         0.0173         0.0175         0.0175         0.0173         0.0171         0.0167         0.0163         0.0159
     0.1558E-01         0.0152         0.0149         0.0145         0.0141         0.0137         0.0132         0.0127         0.0122         0.0117
     0.1115E-01         0.0106         0.0100         0.0091         0.0078         0.0060         0.0202         0.0225         0.0248         0.0271
     0.2934E-01         0.0316         0.0339         0.0362         0.0385         0.0408         0.0431         0.0453         0.0476         0.0499
     0.5220E-01         0.0545         0.0568         0.0591         0.0613         0.0636         0.0659         0.0682         0.0705         0.0728
     0.7506E-01         0.0023         0.0023         0.0023         0.0023         0.0023         0.0023         0.0023         0.0023         0.0023
     0.2286E-02         0.0023         0.0023         0.0023         0.0023         0.0023         0.0023         0.0023         0.0023         0.0023
     0.2286E-02         0.0023         0.0023         0.0023         0.0023         0.0023         6.1432         6.4960         6.7822         7.0148
      7.204             7.3551         7.4731         7.5592         7.6133         7.6348         7.6260         7.5891         7.5265         7.4411
      7.336             7.2154         7.0866         6.9572         6.8366         6.7378         6.6722         6.6369         6.6392         6.7406
      7.416             2.2335         2.1735         2.0980         2.0147         1.9286         1.8418         1.7554         1.6694         1.5834
      1.497             1.4111         1.3260         1.2425         1.1612         1.0827         1.0079         0.9379         0.8737         0.8167
     0.7682             0.7294         0.6985         0.6759         0.6709         0.7611         1.1522         1.0935         1.0407         0.9959
     0.9587             0.9271         0.8991         0.8725         0.8448         0.8143         0.7819         0.7485         0.7151         0.6826
     0.6518             0.6228         0.5953         0.5689         0.5429         0.5169         0.4904         0.4647         0.4406         0.4158
     0.3653             0.0805         0.0681         0.0590         0.0524         0.0476         0.0440         0.0412         0.0388         0.0367
     0.3476E-01         0.0330         0.0314         0.0301         0.0290         0.0283         0.0277         0.0274         0.0272         0.0272
     0.2728E-01         0.0275         0.0281         0.0294         0.0323         0.0389         0.0762      1492.1776
             25         0.0170         0.0173         0.0175         0.0175         0.0173         0.0171         0.0167         0.0163         0.0159
     0.1558E-01         0.0152         0.0149         0.0145         0.0141         0.0137         0.0132         0.0127         0.0122         0.0117
     0.1115E-01         0.0106         0.0100         0.0091         0.0078         0.0060         0.0202         0.0225         0.0248         0.0271
     0.2934E-01         0.0316         0.0339         0.0362         0.0385         0.0408         0.0431         0.0453         0.0476         0.0499
     0.5220E-01         0.0545         0.0568         0.0591         0.0613         0.0636         0.0659         0.0682         0.0705         0.0728
     0.7506E-01         0.0023         0.0023         0.0023         0.0023         0.0023         0.0023         0.0023         0.0023         0.0023
     0.2286E-02         0.0023         0.0023         0.0023         0.0023         0.0023         0.0023         0.0023         0.0023         0.0023
     0.2286E-02         0.0023         0.0023         0.0023         0.0023         0.0023         6.1432         6.4960         6.7822         7.0148
      7.204             7.3551         7.4731         7.5592         7.6133         7.6348         7.6260         7.5891         7.5265         7.4411
      7.336             7.2154         7.0866         6.9572         6.8366         6.7378         6.6722         6.6369         6.6392         6.7406
      7.416             2.2335         2.1735         2.0980         2.0147         1.9286         1.8418         1.7554         1.6694         1.5834
      1.497             1.4111         1.3260         1.2425         1.1612         1.0827         1.0079         0.9379         0.8737         0.8167
     0.7682             0.7294         0.6985         0.6759         0.6709         0.7611         1.1522         1.0935         1.0407         0.9959
     0.9587             0.9271         0.8991         0.8725         0.8448         0.8143         0.7819         0.7485         0.7151         0.6826
     0.6518             0.6228         0.5953         0.5689         0.5429         0.5169         0.4904         0.4647         0.4406         0.4158
     0.3653             0.0805         0.0681         0.0590         0.0524         0.0476         0.0440         0.0412         0.0388         0.0367
     0.3476E-01         0.0330         0.0314         0.0301         0.0290         0.0283         0.0277         0.0274         0.0272         0.0272
     0.2728E-01         0.0275         0.0281         0.0294         0.0323         0.0389         0.0762      1492.1776
             25         0.0170         0.0173         0.0175         0.0175         0.0173         0.0171         0.0167         0.0163         0.0159
     0.1558E-01         0.0152         0.0149         0.0145         0.0141         0.0137         0.0132         0.0127         0.0122         0.0117
     0.1115E-01         0.0106         0.0100         0.0091         0.0078         0.0060         0.0202         0.0225         0.0248         0.0271
     0.2934E-01         0.0316         0.0339         0.0362         0.0385         0.0408         0.0431         0.0453         0.0476         0.0499
     0.5220E-01         0.0545         0.0568         0.0591         0.0613         0.0636         0.0659         0.0682         0.0705         0.0728
     0.7506E-01         0.0023         0.0023         0.0023         0.0023         0.0023         0.0023         0.0023         0.0023         0.0023
     0.2286E-02         0.0023         0.0023         0.0023         0.0023         0.0023         0.0023         0.0023         0.0023         0.0023
     0.2286E-02         0.0023         0.0023         0.0023         0.0023         0.0023         6.1432         6.4960         6.7822         7.0148
      7.204             7.3551         7.4731         7.5592         7.6133         7.6348         7.6260         7.5891         7.5265         7.4411
      7.336             7.2154         7.0866         6.9572         6.8366         6.7378         6.6722         6.6369         6.6392         6.7406
      7.416             2.2335         2.1735         2.0980         2.0147         1.9286         1.8418         1.7554         1.6694         1.5834
      1.497             1.4111         1.3260         1.2425         1.1612         1.0827         1.0079         0.9379         0.8737         0.8167
     0.7682             0.7294         0.6985         0.6759         0.6709         0.7611         1.1522         1.0935         1.0407         0.9959
     0.9587             0.9271         0.8991         0.8725         0.8448         0.8143         0.7819         0.7485         0.7151         0.6826
     0.6518             0.6228         0.5953         0.5689         0.5429         0.5169         0.4904         0.4647         0.4406         0.4158
     0.3653             0.0805         0.0681         0.0590         0.0524         0.0476         0.0440         0.0412         0.0388         0.0367
     0.3476E-01         0.0330         0.0314         0.0301         0.0290         0.0283         0.0277         0.0274         0.0272         0.0272
     0.2728E-01         0.0275         0.0281         0.0294         0.0323         0.0389         0.0762      1492.1776
             25         0.0170         0.0173         0.0175         0.0175         0.0173         0.0171         0.0167         0.0163         0.0159
     0.1558E-01         0.0152         0.0149         0.0145         0.0141         0.0137         0.0132         0.0127         0.0122         0.0117
     0.1115E-01         0.0106         0.0100         0.0091         0.0078         0.0060         0.0202         0.0225         0.0248         0.0271
     0.2934E-01         0.0316         0.0339         0.0362         0.0385         0.0408         0.0431         0.0453         0.0476         0.0499
     0.5220E-01         0.0545         0.0568         0.0591         0.0613         0.0636         0.0659         0.0682         0.0705         0.0728
     0.7506E-01         0.0023         0.0023         0.0023         0.0023         0.0023         0.0023         0.0023         0.0023         0.0023
     0.2286E-02         0.0023         0.0023         0.0023         0.0023         0.0023         0.0023         0.0023         0.0023         0.0023
     0.2286E-02         0.0023         0.0023         0.0023         0.0023         0.0023         6.1432         6.4960         6.7822         7.0148
      7.204             7.3551         7.4731         7.5592         7.6133         7.6348         7.6260         7.5891         7.5265         7.4411
      7.336             7.2154         7.0866         6.9572         6.8366         6.7378         6.6722         6.6369         6.6392         6.7406
      7.416             2.2335         2.1735         2.0980         2.0147         1.9286         1.8418         1.7554         1.6694         1.5834
      1.497             1.4111         1.3260         1.2425         1.1612         1.0827         1.0079         0.9379         0.8737         0.8167
     0.7682             0.7294         0.6985         0.6759         0.6709         0.7611         1.1522         1.0935         1.0407         0.9959
     0.9587             0.9271         0.8991         0.8725         0.8448         0.8143         0.7819         0.7485         0.7151         0.6826
     0.6518             0.6228         0.5953         0.5689         0.5429         0.5169         0.4904         0.4647         0.4406         0.4158
     0.3653             0.0805         0.0681         0.0590         0.0524         0.0476         0.0440         0.0412         0.0388         0.0367
     0.3476E-01         0.0330         0.0314         0.0301         0.0290         0.0283         0.0277         0.0274         0.0272         0.0272
     0.2728E-01         0.0275         0.0281         0.0294         0.0323         0.0389         0.0762      1492.1776
             25         0.0170         0.0173         0.0175         0.0175         0.0173         0.0171         0.0167         0.0163         0.0159
     0.1558E-01         0.0152         0.0149         0.0145         0.0141         0.0137         0.0132         0.0127         0.0122         0.0117
     0.1115E-01         0.0106         0.0100         0.0091         0.0078         0.0060         0.0202         0.0225         0.0248         0.0271
     0.2934E-01         0.0316         0.0339         0.0362         0.0385         0.0408         0.0431         0.0453         0.0476         0.0499
     0.5220E-01         0.0545         0.0568         0.0591         0.0613         0.0636         0.0659         0.0682         0.0705         0.0728
     0.7506E-01         0.0023         0.0023         0.0023         0.0023         0.0023         0.0023         0.0023         0.0023         0.0023
     0.2286E-02         0.0023         0.0023         0.0023         0.0023         0.0023         0.0023         0.0023         0.0023         0.0023
     0.2286E-02         0.0023         0.0023         0.0023         0.0023         0.0023         6.1432         6.4960         6.7822         7.0148
      7.204             7.3551         7.4731         7.5592         7.6133         7.6348         7.6260         7.5891         7.5265         7.4411
      7.336             7.2154         7.0866         6.9572         6.8366         6.7378         6.6722         6.6369         6.6392         6.7406
      7.416             2.2335         2.1735         2.0980         2.0147         1.9286         1.8418         1.7554         1.6694         1.5834
      1.497             1.4111         1.3260         1.2425         1.1612         1.0827         1.0079         0.9379         0.8737         0.8167
     0.7682             0.7294         0.6985         0.6759         0.6709         0.7611         1.1522         1.0935         1.0407         0.9959
     0.9587             0.9271         0.8991         0.8725         0.8448         0.8143         0.7819         0.7485         0.7151         0.6826
     0.6518             0.6228         0.5953         0.5689         0.5429         0.5169         0.4904         0.4647         0.4406         0.4158
     0.3653             0.0805         0.0681         0.0590         0.0524         0.0476         0.0440         0.0412         0.0388         0.0367
     0.3476E-01         0.0330         0.0314         0.0301         0.0290         0.0283         0.0277         0.0274         0.0272         0.0272
     0.2728E-01         0.0275         0.0281         0.0294         0.0323         0.0389         0.0762      1492.1776
             25         0.0170         0.0173         0.0175         0.0175         0.0173         0.0171         0.0167         0.0163         0.0159
     0.1558E-01         0.0152         0.0149         0.0145         0.0141         0.0137         0.0132         0.0127         0.0122         0.0117
     0.1115E-01         0.0106         0.0100         0.0091         0.0078         0.0060         0.0202         0.0225         0.0248         0.0271
     0.2934E-01         0.0316         0.0339         0.0362         0.0385         0.0408         0.0431         0.0453         0.0476         0.0499
     0.5220E-01         0.0545         0.0568         0.0591         0.0613         0.0636         0.0659         0.0682         0.0705         0.0728
     0.7506E-01         0.0023         0.0023         0.0023         0.0023         0.0023         0.0023         0.0023         0.0023         0.0023
     0.2286E-02         0.0023         0.0023         0.0023         0.0023         0.0023         0.0023         0.0023         0.0023         0.0023
     0.2286E-02         0.0023         0.0023         0.0023         0.0023         0.0023         6.1432         6.4960         6.7822         7.0148
      7.204             7.3551         7.4731         7.5592         7.6133         7.6348         7.6260         7.5891         7.5265         7.4411
      7.336             7.2154         7.0866         6.9572         6.8366         6.7378         6.6722         6.6369         6.6392         6.7406
      7.416             2.2335         2.1735         2.0980         2.0147         1.9286         1.8418         1.7554         1.6694         1.5834
      1.497             1.4111         1.3260         1.2425         1.1612         1.0827         1.0079         0.9379         0.8737         0.8167
     0.7682             0.7294         0.6985         0.6759         0.6709         0.7611         1.1522         1.0935         1.0407         0.9959
     0.9587             0.9271         0.8991         0.8725         0.8448         0.8143         0.7819         0.7485         0.7151         0.6826
     0.6518             0.6228         0.5953         0.5689         0.5429         0.5169         0.4904         0.4647         0.4406         0.4158
     0.3653             0.0805         0.0681         0.0590         0.0524         0.0476         0.0440         0.0412         0.0388         0.0367
     0.3476E-01         0.0330         0.0314         0.0301         0.0290         0.0283         0.0277         0.0274         0.0272         0.0272
     0.2728E-01         0.0275         0.0281         0.0294         0.0323         0.0389         0.0762      1492.1776
             25         0.0170         0.0173         0.0175         0.0175         0.0173         0.0171         0.0167         0.0163         0.0159
     0.1558E-01         0.0152         0.0149         0.0145         0.0141         0.0137         0.0132         0.0127         0.0122         0.0117
     0.1115E-01         0.0106         0.0100         0.0091         0.0078         0.0060         0.0202         0.0225         0.0248         0.0271
     0.2934E-01         0.0316         0.0339         0.0362         0.0385         0.0408         0.0431         0.0453         0.0476         0.0499
     0.5220E-01         0.0545         0.0568         0.0591         0.0613         0.0636         0.0659         0.0682         0.0705         0.0728
     0.7506E-01         0.0023         0.0023         0.0023         0.0023         0.0023         0.0023         0.0023         0.0023         0.0023
     0.2286E-02         0.0023         0.0023         0.0023         0.0023         0.0023         0.0023         0.0023         0.0023         0.0023
     0.2286E-02         0.0023         0.0023         0.0023         0.0023         0.0023         6.1432         6.4960         6.7822         7.0148
      7.204             7.3551         7.4731         7.5592         7.6133         7.6348         7.6260         7.5891         7.5265         7.4411
      7.336             7.2154         7.0866         6.9572         6.8366         6.7378         6.6722         6.6369         6.6392         6.7406
      7.416             2.2335         2.1735         2.0980         2.0147         1.9286         1.8418         1.7554         1.6694         1.5834
      1.497             1.4111         1.3260         1.2425         1.1612         1.0827         1.0079         0.9379         0.8737         0.8167
     0.7682             0.7294         0.6985         0.6759         0.6709         0.7611         1.1522         1.0935         1.0407         0.9959
     0.9587             0.9271         0.8991         0.8725         0.8448         0.8143         0.7819         0.7485         0.7151         0.6826
     0.6518             0.6228         0.5953         0.5689         0.5429         0.5169         0.4904         0.4647         0.4406         0.4158
     0.3653             0.0805         0.0681         0.0590         0.0524         0.0476         0.0440         0.0412         0.0388         0.0367
     0.3476E-01         0.0330         0.0314         0.0301         0.0290         0.0283         0.0277         0.0274         0.0272         0.0272
     0.2728E-01         0.0275         0.0281         0.0294         0.0323         0.0389         0.0762      1492.1776
             25         0.0170         0.0173         0.0175         0.0175         0.0173         0.0171         0.0167         0.0163         0.0159
     0.1558E-01         0.0152         0.0149         0.0145         0.0141         0.0137         0.0132         0.0127         0.0122         0.0117
     0.1115E-01         0.0106         0.0100         0.0091         0.0078         0.0060         0.0202         0.0225         0.0248         0.0271
     0.2934E-01         0.0316         0.0339         0.0362         0.0385         0.0408         0.0431         0.0453         0.0476         0.0499
     0.5220E-01         0.0545         0.0568         0.0591         0.0613         0.0636         0.0659         0.0682         0.0705         0.0728
     0.7506E-01         0.0023         0.0023         0.0023         0.0023         0.0023         0.0023         0.0023         0.0023         0.0023
     0.2286E-02         0.0023         0.0023         0.0023         0.0023         0.0023         0.0023         0.0023         0.0023         0.0023
     0.2286E-02         0.0023         0.0023         0.0023         0.0023         0.0023         6.1432         6.4960         6.7822         7.0148
      7.204             7.3551         7.4731         7.5592         7.6133         7.6348         7.6260         7.5891         7.5265         7.4411
      7.336             7.2154         7.0866         6.9572         6.8366         6.7378         6.6722         6.6369         6.6392         6.7406
      7.416             2.2335         2.1735         2.0980         2.0147         1.9286         1.8418         1.7554         1.6694         1.5834
      1.497             1.4111         1.3260         1.2425         1.1612         1.0827         1.0079         0.9379         0.8737         0.8167
     0.7682             0.7294         0.6985         0.6759         0.6709         0.7611         1.1522         1.0935         1.0407         0.9959
     0.9587             0.9271         0.8991         0.8725         0.8448         0.8143         0.7819         0.7485         0.7151         0.6826
     0.6518             0.6228         0.5953         0.5689         0.5429         0.5169         0.4904         0.4647         0.4406         0.4158
     0.3653             0.0805         0.0681         0.0590         0.0524         0.0476         0.0440         0.0412         0.0388         0.0367
     0.3476E-01         0.0330         0.0314         0.0301         0.0290         0.0283         0.0277         0.0274         0.0272         0.0272
     0.2728E-01         0.0275         0.0281         0.0294         0.0323         0.0389         0.0762      1492.1776
